24,, 8,60,84,92,106,120,143,157,183,194,271,298,309,329,360,408,454,469,480,494,513,532,559,567,
25,, 8,41,60,84,92,106,120,143,157,183,194,271,298,309,329,360,408,454,469,480,494,513,532,559,567,
26,, 8,41,60,84,92,106,120,143,157,183,194,271,298,309,329,360,408,436,454,469,480,494,513,532,559,567,
27,, 8,24,41,84,92,133,143,157,183,194,216,245,271,298,309,329,344,360,408,436,454,469,480,513,532,559,567,
28,, 24,41,84,92,133,143,157,183,194,209,231,245,271,298,309,326,344,360,382,408,436,454,460,501,524,530,559,567,
29,, 41,61,84,100,120,143,157,183,199,209,231,245,271,298,309,326,344,360,382,408,436,454,475,480,499,524,530,559,567,
30,, 8,41,61,84,92,114,120,143,157,183,199,209,231,245,271,293,309,332,360,382,408,436,454,476,480,499,525,530,559,567,
31,, 29,47,57,75,99,118,132,142,158,173,191,210,240,257,282,291,323,328,341,366,378,397,418,429,459,470,507,522,541,561,563,
32,, 14,27,45,67,76,89,120,141,170,174,193,218,228,251,260,285,297,329,349,361,379,404,412,458,470,479,505,516,533,558,568,588,
33,, 2,19,54,83,86,111,123,145,166,187,192,208,223,243,264,273,300,314,329,352,370,379,407,423,431,456,474,492,503,521,541,563,585,
34,, 14,19,39,64,75,87,109,130,141,161,187,194,216,236,252,266,289,305,309,333,341,360,391,398,427,445,460,482,505,511,532,554,562,585,
35,, 8,34,48,56,69,96,111,136,147,156,181,197,212,236,240,264,283,292,311,331,345,370,380,392,411,442,449,473,491,502,513,538,555,564,585,
