24,, 3,31,38,61,83,102,103,121,171,195,210,251,258,312,331,383,424,427,494,515,535,552,576,581,
25,, 3,31,38,61,83,102,103,121,159,171,195,210,251,258,312,331,383,424,427,494,515,535,552,576,581,
26,, 3,31,38,61,83,102,104,132,159,171,195,210,251,258,296,331,383,424,427,451,494,515,535,552,576,581,
27,, 3,31,42,61,83,102,104,132,159,173,195,210,251,258,296,331,359,383,397,427,451,496,515,535,552,576,581,
28,, 3,31,42,61,83,102,104,132,144,159,173,192,210,251,276,296,331,359,397,427,457,488,496,515,544,552,564,595,
29,, 3,31,46,66,84,102,105,159,173,190,208,238,251,270,276,310,331,386,397,440,457,475,488,507,515,543,552,564,585,
30,, 3,31,50,56,72,102,105,124,159,184,196,208,233,251,270,279,310,331,378,392,437,457,469,488,509,515,543,552,572,591,
31,, 3,25,49,56,72,93,113,133,159,184,196,217,233,251,270,279,296,310,333,342,406,437,457,469,488,507,515,543,552,572,593,
32,, 15,24,67,78,90,109,124,140,164,173,200,213,223,244,263,289,305,313,331,349,364,376,408,422,436,480,510,514,541,556,565,585,
33,, 10,37,58,71,87,114,132,141,158,187,192,214,232,239,271,283,312,330,344,358,383,396,421,431,443,463,480,497,515,529,556,571,584,
34,, 13,32,50,64,83,93,115,120,153,169,175,193,214,232,242,263,288,306,314,327,350,372,389,403,418,441,474,490,500,513,541,547,570,585,
35,, 14,33,36,53,71,90,108,121,140,164,185,202,216,223,247,260,282,302,307,334,355,364,381,392,415,440,452,471,478,510,520,535,561,570,581,
