21,, 9,27,59,63,78,91,133,151,168,191,207,246,278,294,307,326,344,368,397,435,440,
22,, 9,27,59,63,78,91,133,151,168,191,207,246,278,294,307,326,344,368,388,397,435,440,
23,, 9,27,59,63,78,91,133,151,168,191,207,246,278,294,307,326,344,368,388,397,410,435,440,
24,, 11,33,59,63,78,91,133,151,168,191,207,237,246,278,294,307,329,344,368,388,397,410,435,440,
25,, 11,20,33,59,78,91,133,143,159,168,191,203,237,246,278,294,307,329,344,368,388,401,410,432,440,
26,, 23,33,59,84,97,113,130,139,161,172,185,210,225,227,244,264,284,308,320,357,373,381,392,418,427,446,
27,, 24,34,59,74,77,97,111,149,151,179,195,210,225,227,244,264,284,314,320,337,357,373,381,392,409,427,446,
28,, 15,21,31,58,73,88,103,114,131,146,156,176,195,208,219,229,251,263,280,296,313,323,332,366,394,412,434,445,
29,, 15,21,31,58,73,88,103,114,131,146,156,176,195,208,219,229,251,263,280,296,313,325,336,366,386,394,412,434,445,
30,, 13,20,33,56,74,90,95,114,123,149,159,166,187,210,221,238,247,257,274,293,307,329,337,349,367,381,400,418,431,436,
