20,, 17,40,51,63,103,123,136,155,211,227,266,278,297,326,342,375,380,398,406,426,
21,, 17,40,51,63,103,123,136,155,211,227,251,266,278,297,326,342,375,380,398,406,426,
22,, 5,17,40,46,63,76,123,136,155,195,227,251,266,278,297,326,342,375,380,398,406,426,
23,, 5,28,40,59,63,76,123,136,155,195,227,251,266,278,297,326,342,358,375,378,398,406,426,
24,, 5,28,59,63,76,123,145,155,175,195,227,251,266,278,297,315,326,342,358,375,378,398,406,426,
25,, 7,17,59,74,76,94,123,145,180,195,209,235,251,264,278,297,306,326,340,358,378,398,409,421,446,
26,, 5,24,37,66,85,98,115,126,144,161,174,182,208,214,226,257,276,297,309,339,363,389,397,419,433,439,
27,, 5,24,37,51,74,85,98,115,126,144,161,174,182,208,214,226,257,276,297,327,339,363,389,397,419,433,439,
28,, 7,25,42,49,61,85,98,115,131,150,160,187,203,211,240,249,259,279,291,305,327,344,346,363,387,408,433,443,
29,, 7,30,42,49,61,85,98,115,131,138,160,174,187,209,211,240,249,258,275,291,305,327,335,363,390,401,408,433,443,
30,, 7,30,42,49,61,85,98,115,131,138,160,174,187,209,211,240,249,259,275,291,305,327,335,346,363,390,391,408,433,443,
