25,, 16,22,45,70,87,125,153,167,181,190,205,240,294,311,331,350,369,384,430,457,479,495,560,578,591,
26,, 16,22,45,70,87,125,153,167,181,190,205,240,269,294,311,331,350,369,384,430,457,479,495,560,578,591,
27,, 16,26,45,70,87,153,167,181,190,205,226,240,269,278,294,311,331,350,369,384,430,457,479,495,560,578,591,
28,, 16,26,45,70,133,153,167,181,190,205,226,240,260,277,294,311,331,350,369,384,394,430,457,479,495,560,578,591,
29,, 17,26,42,93,133,153,164,182,207,226,240,272,277,296,311,331,356,369,389,394,430,453,462,486,508,515,560,562,591,
30,, 17,26,42,73,93,133,153,164,182,207,226,240,272,277,296,311,331,356,369,389,394,430,453,462,486,508,515,560,562,591,
31,, 17,23,44,54,101,133,141,167,179,190,220,226,254,260,291,311,335,354,368,400,421,430,457,464,479,496,524,528,555,562,586,
32,, 9,29,40,65,73,129,144,162,184,214,229,241,264,284,302,314,337,353,358,384,403,425,432,456,467,492,509,525,539,549,578,587,
33,, 14,33,47,62,84,89,107,135,139,155,187,198,218,238,245,267,274,291,317,327,356,371,405,412,426,444,470,484,497,530,554,564,594,
34,, 16,30,37,66,83,93,117,125,146,162,183,189,213,229,241,262,284,290,317,352,364,383,407,410,432,456,466,491,502,524,531,558,567,594,
35,, 5,22,41,62,84,89,110,135,139,161,180,189,211,233,239,257,274,304,317,333,356,373,381,397,412,435,449,466,483,501,513,538,557,567,593,
