24,, 8,19,38,57,70,86,115,136,183,190,208,230,262,289,290,309,329,367,404,437,450,464,482,582,
25,, 8,19,38,57,70,86,115,136,159,183,190,208,230,262,289,290,309,329,367,404,437,450,464,482,582,
26,, 8,19,38,57,70,86,115,136,159,183,190,208,230,262,289,290,309,329,367,404,437,450,464,482,521,582,
27,, 19,38,57,82,86,115,136,159,183,190,208,230,254,262,289,290,309,329,352,367,404,437,450,464,482,521,582,
28,, 20,38,57,82,89,106,136,148,154,183,190,208,230,254,262,289,290,309,329,352,367,404,437,450,464,482,521,582,
29,, 14,20,46,57,82,89,106,136,148,154,184,190,219,230,254,262,289,290,309,329,346,367,404,437,450,464,482,521,582,
30,, 14,20,46,57,82,89,110,136,148,154,184,190,216,230,254,262,289,290,309,329,346,367,390,404,437,450,464,482,521,582,
31,, 5,20,46,82,89,110,136,148,154,177,204,221,236,254,262,289,303,309,331,346,367,390,404,437,446,462,488,502,515,539,595,
32,, 20,46,67,82,89,115,136,148,154,177,204,221,254,289,303,309,328,346,362,379,401,414,437,446,468,485,502,515,539,560,578,579,
33,, 1,20,46,67,86,110,136,141,154,177,204,221,236,254,289,290,309,330,346,367,390,401,414,437,446,468,485,502,515,539,560,578,583,
34,, 6,25,55,70,87,115,136,150,167,180,193,216,228,251,271,286,305,309,324,346,362,382,407,423,442,456,476,477,505,511,541,558,573,587,
35,, 1,27,37,57,83,101,115,132,143,159,187,202,221,237,242,271,278,301,314,330,355,362,384,406,417,430,457,464,478,498,511,539,558,578,594,
