21,, 38,56,100,108,122,156,184,200,211,239,246,277,286,303,319,358,362,394,417,434,442,
22,, 39,59,97,108,122,156,184,200,211,239,246,268,277,286,303,319,354,362,394,417,434,442,
23,, 16,39,59,68,97,108,122,156,184,200,211,239,246,268,277,286,303,319,354,394,417,434,442,
24,, 8,16,39,59,68,97,108,143,156,184,200,211,239,246,277,286,303,319,354,389,394,417,433,442,
25,, 8,19,39,53,68,97,112,132,143,156,180,184,200,211,242,296,303,319,336,357,366,384,401,433,438,
26,, 8,19,39,53,68,85,97,115,132,143,156,180,184,204,211,242,296,303,319,336,357,366,384,401,433,438,
27,, 8,22,31,69,104,115,127,143,161,175,187,208,223,231,255,258,282,296,306,330,342,364,390,398,412,425,450,
28,, 15,25,33,50,62,94,120,127,150,163,176,194,202,217,236,246,266,280,292,307,319,334,355,387,399,413,423,442,
29,, 5,19,32,55,64,78,97,114,122,142,159,167,186,209,211,227,242,268,280,298,314,319,336,367,377,400,409,426,442,
30,, 5,19,32,55,74,78,97,114,122,142,159,167,186,205,211,227,242,268,280,294,314,329,336,351,364,384,396,411,426,442,
