24,, 2,68,84,96,115,136,156,188,212,274,286,320,324,385,400,422,482,500,520,540,561,609,646,747,
25,, 2,68,84,96,115,136,156,188,212,253,274,286,320,324,385,400,422,482,500,520,540,561,609,646,747,
26,, 2,68,84,96,115,136,156,188,212,253,274,286,320,324,353,385,400,422,482,500,520,540,561,609,646,747,
27,, 2,37,68,84,96,115,136,156,188,212,253,274,286,320,324,353,385,400,422,482,500,520,540,561,609,646,747,
28,, 2,37,68,84,96,115,136,156,188,212,253,274,286,320,324,353,385,400,422,453,482,500,520,540,561,609,646,747,
29,, 37,52,68,84,96,115,156,188,206,219,253,274,286,320,324,360,385,400,422,453,482,500,520,549,561,585,609,646,747,
30,, 17,37,52,68,84,96,115,156,188,206,219,253,274,286,320,324,360,385,400,422,453,482,500,520,549,561,585,609,646,747,
31,, 17,52,59,84,101,122,156,188,206,219,240,253,274,286,307,324,360,373,385,400,422,453,470,482,500,549,563,585,609,646,747,
32,, 17,52,59,84,101,122,156,188,206,219,240,253,274,286,307,324,360,373,385,400,422,453,470,482,500,528,549,563,585,609,646,747,
33,, 17,23,52,59,84,106,118,156,188,206,219,240,253,275,286,319,334,360,373,385,400,422,453,470,482,500,528,549,563,585,616,646,747,
34,, 17,23,41,61,92,104,115,141,156,172,222,258,275,302,310,333,360,373,381,410,426,453,460,482,505,528,549,567,609,646,669,702,730,748,
35,, 2,24,70,79,114,117,150,156,180,206,221,238,274,302,315,334,357,388,414,423,453,471,482,512,529,533,567,586,625,629,665,682,700,717,755,
36,, 4,24,70,108,130,137,171,180,202,221,242,257,278,292,313,326,361,379,411,421,453,471,491,501,529,544,559,586,618,632,665,670,698,717,730,748,
37,, 4,24,66,85,108,115,137,171,172,202,221,242,257,278,292,326,361,379,390,411,421,453,471,491,501,529,544,561,586,619,632,665,670,698,717,730,748,
38,, 19,24,44,66,94,114,133,150,155,201,212,243,258,274,287,306,324,344,372,398,401,424,444,460,486,507,525,539,560,573,619,634,662,666,703,715,735,757,
39,, 6,20,46,68,84,113,123,149,165,172,209,221,245,251,278,294,313,333,350,369,396,404,427,446,460,492,495,521,551,563,588,619,644,649,683,688,709,725,752,
40,, 6,24,40,68,94,102,123,151,155,179,201,212,237,260,267,287,306,324,355,370,398,410,436,444,460,486,501,521,539,552,573,601,623,641,662,666,703,708,726,759,
