29,, 7,24,51,63,78,111,115,136,166,173,222,262,272,305,324,362,383,423,456,460,480,496,540,554,610,645,656,681,705,
30,, 7,24,51,63,78,111,115,136,166,173,222,262,272,305,324,360,362,383,423,456,460,480,496,540,554,610,645,656,681,705,
31,, 9,27,51,68,78,111,115,141,166,173,222,262,272,305,324,360,362,403,423,456,460,480,496,526,540,554,578,610,645,656,705,
32,, 9,27,51,68,78,111,115,141,166,173,222,262,272,301,305,330,360,362,403,423,456,460,480,509,526,540,554,578,610,645,656,705,
33,, 9,27,51,68,78,111,115,141,166,173,222,262,272,301,305,330,360,362,403,423,456,460,480,509,526,540,554,578,610,645,656,705,755,
34,, 9,51,68,80,108,115,152,166,173,208,222,230,259,301,305,330,360,362,403,423,465,481,509,526,546,554,589,592,610,644,656,693,705,755,
35,, 9,35,51,66,89,108,126,141,166,173,227,230,259,272,305,324,360,362,397,403,425,465,481,509,526,548,554,592,611,644,656,669,693,705,758,
36,, 10,36,39,59,87,112,128,151,166,176,195,224,235,252,285,297,305,324,369,385,402,430,451,460,480,507,542,560,576,598,617,645,656,675,697,747,
37,, 4,35,50,72,86,104,121,136,155,178,194,219,244,257,269,297,314,328,343,363,381,408,454,464,509,530,547,563,576,595,615,645,665,681,720,724,754,
38,, 10,29,41,63,86,111,127,152,157,177,204,217,231,250,269,287,318,328,343,377,390,410,427,441,475,493,506,551,564,591,616,639,662,684,703,705,735,746,
39,, 5,21,52,64,77,111,123,136,160,184,194,224,234,263,280,300,321,340,343,379,383,401,421,451,469,480,495,544,562,573,607,611,645,656,675,699,717,740,742,
40,, 8,38,53,62,78,108,125,152,166,174,202,220,237,264,268,295,316,328,348,379,386,413,425,438,460,494,496,528,548,561,573,602,620,630,653,674,689,715,730,753,
