28,, 7,24,47,100,113,149,192,222,239,265,287,330,356,360,390,422,474,538,547,570,597,679,745,762,799,844,905,925,
29,, 7,24,47,100,113,149,192,222,239,265,287,330,356,360,390,422,474,538,547,570,597,679,745,762,799,844,897,905,925,
30,, 7,24,47,83,100,113,149,192,222,239,265,287,330,356,360,390,422,474,538,547,570,597,679,745,762,799,844,897,905,925,
31,, 7,24,47,83,100,113,149,192,222,239,265,287,330,356,360,390,422,474,538,547,570,597,679,745,762,785,799,844,897,905,925,
32,, 7,24,47,83,100,113,149,192,222,239,265,287,330,356,360,390,422,474,538,547,570,597,611,679,745,762,785,799,844,897,905,925,
33,, 10,33,47,83,100,113,152,192,222,239,266,287,330,356,360,390,422,474,515,538,547,570,597,679,734,745,762,785,799,845,897,905,925,
34,, 10,33,49,83,100,113,152,192,222,239,287,330,356,361,390,435,460,474,515,526,547,570,597,679,704,734,745,762,785,799,845,897,905,925,
35,, 10,33,49,83,100,113,152,202,222,239,287,330,356,361,390,417,435,460,474,515,534,547,597,679,704,734,745,762,785,799,835,845,897,905,925,
36,, 10,33,49,83,131,152,178,202,222,239,287,296,356,367,417,435,460,474,499,515,534,571,597,645,679,701,734,745,762,785,799,835,845,897,905,925,
37,, 10,33,49,83,89,131,155,178,200,222,245,287,296,362,417,424,460,499,515,534,587,597,645,672,679,702,734,746,762,785,799,835,845,863,897,905,925,
38,, 10,23,50,66,89,108,131,154,178,206,227,232,292,296,347,362,393,407,424,446,479,499,520,536,571,601,610,645,679,702,754,758,813,835,845,863,905,931,
39,, 10,23,50,66,89,125,144,154,178,206,227,232,292,296,347,378,388,407,424,446,479,499,520,536,554,584,601,610,645,679,702,754,774,801,845,863,883,905,931,
40,, 2,23,63,72,89,125,143,164,206,223,244,257,295,342,378,380,408,426,472,499,520,540,567,574,597,623,645,658,679,712,715,756,763,801,825,858,863,883,905,931,
41,, 21,28,49,64,85,109,132,149,208,231,237,261,277,309,320,337,378,392,401,441,454,481,520,540,561,572,590,610,631,659,682,712,736,770,811,824,856,882,897,920,935,
42,, 15,23,52,75,96,126,145,166,179,206,213,243,269,286,305,330,342,370,393,403,430,461,475,488,535,554,585,598,618,640,671,693,696,740,764,809,832,856,877,902,911,938,
43,, 33,47,77,102,123,144,164,178,229,239,271,290,299,333,343,366,393,407,423,442,474,497,515,536,565,577,597,624,634,666,689,702,721,745,760,786,808,824,850,882,897,918,941,
44,, 11,24,57,81,100,112,132,156,174,194,222,243,283,297,323,342,368,399,400,437,462,469,490,524,540,547,584,594,612,643,668,692,700,715,756,774,778,819,820,853,868,887,923,936,
45,, 1,33,45,70,102,108,142,163,185,196,231,249,264,292,299,335,343,371,385,407,424,447,474,501,515,531,565,573,603,615,631,665,689,709,734,745,760,781,806,824,850,882,895,922,939,
