30,, 5,22,43,65,103,113,155,219,274,301,359,402,429,480,489,506,553,598,620,641,663,677,711,749,801,830,848,866,885,909,
31,, 5,22,43,65,103,113,155,219,274,301,359,402,429,480,489,506,553,598,620,641,663,677,711,749,777,801,830,848,866,885,909,
32,, 5,22,43,65,103,113,155,219,274,301,359,402,429,480,489,506,553,598,620,641,663,677,711,749,777,794,801,830,848,866,885,909,
33,, 5,22,43,65,103,113,155,219,274,301,359,402,429,480,489,506,553,598,620,641,663,677,711,720,749,777,794,801,830,848,866,885,909,
34,, 5,22,43,65,113,162,201,219,274,301,355,359,402,429,480,489,506,553,598,620,641,663,677,711,720,749,777,794,801,830,848,866,885,909,
35,, 1,22,44,65,113,167,201,219,274,315,333,355,359,402,421,444,480,489,506,553,598,624,641,663,677,711,720,749,777,794,805,830,858,866,913,
36,, 1,22,44,65,113,167,201,219,274,315,333,355,359,402,421,444,480,489,506,553,598,624,641,659,677,711,720,749,777,794,805,837,858,866,892,913,
37,, 8,38,44,72,94,113,167,178,203,219,241,274,333,347,374,402,421,444,480,489,508,532,554,588,598,612,647,656,677,711,794,805,837,858,862,892,913,
38,, 5,40,56,74,100,109,128,178,231,250,265,286,302,333,347,377,420,437,443,490,532,555,575,608,622,644,669,686,714,754,771,780,818,847,862,892,924,940,
39,, 18,34,58,74,100,108,131,152,180,231,277,296,316,354,373,383,413,437,450,487,521,540,556,585,608,616,638,655,676,730,745,773,783,815,827,862,896,915,941,
40,, 18,34,47,74,104,115,146,164,169,203,212,235,268,277,310,329,354,372,400,450,478,489,521,556,608,616,642,662,690,730,741,773,783,813,827,846,866,896,919,941,
41,, 6,22,57,75,96,113,130,162,191,222,238,261,294,300,329,338,360,420,431,457,480,484,515,537,555,575,608,614,651,672,678,708,732,756,797,801,841,881,894,907,939,
42,, 6,22,59,75,96,107,130,162,191,222,238,261,294,300,329,338,367,420,431,457,480,484,512,537,555,584,608,614,651,656,682,708,732,756,765,797,801,841,881,897,923,939,
43,, 17,24,46,79,93,122,132,166,184,194,220,252,263,277,312,318,354,358,397,417,459,481,488,517,535,547,574,591,623,638,652,679,697,716,741,767,787,817,820,861,867,892,918,
44,, 18,24,47,79,103,113,141,162,169,210,229,232,265,293,299,334,357,360,389,411,429,460,475,499,517,533,560,603,616,638,669,681,704,722,744,771,797,815,832,847,871,896,919,941,
45,, 7,28,46,82,103,116,136,165,172,210,222,232,262,286,309,334,346,358,389,420,429,457,475,489,513,533,567,570,603,630,640,658,682,704,726,755,771,783,804,826,853,881,893,923,929,
