27,, 1,32,45,59,80,96,122,141,174,192,251,350,386,454,458,492,499,523,534,558,576,598,615,639,650,679,714,
28,, 1,32,45,59,80,96,122,141,174,192,251,350,386,433,454,458,492,499,523,534,558,576,598,615,639,650,679,714,
29,, 1,32,45,59,80,96,122,141,174,192,251,350,386,433,454,458,492,499,523,534,558,576,598,615,639,650,679,714,737,
30,, 1,32,45,59,80,96,122,141,174,192,251,350,386,433,454,458,492,499,523,534,558,576,598,615,639,650,679,714,737,748,
31,, 9,32,45,105,125,141,164,182,192,251,285,321,350,386,433,454,458,492,499,523,534,558,576,598,639,650,679,692,714,737,748,
32,, 9,32,45,58,105,125,141,164,182,192,251,285,288,321,350,433,454,458,492,499,523,534,558,576,598,639,663,679,692,714,737,748,
33,, 9,32,45,58,105,125,141,164,182,192,251,285,288,321,327,349,372,433,454,458,476,508,523,534,558,573,639,663,679,692,714,741,748,
34,, 9,32,46,58,90,105,125,141,164,182,192,251,285,288,321,327,349,433,454,458,476,508,523,534,558,573,620,629,663,679,692,714,741,748,
35,, 9,32,54,60,90,105,125,141,156,182,192,265,285,288,321,340,348,386,454,472,492,496,521,534,562,573,598,610,645,661,684,693,706,723,752,
36,, 9,32,46,58,112,126,141,164,182,192,214,251,273,288,321,327,349,371,389,454,472,476,498,523,548,558,573,598,620,641,659,683,692,714,741,747,
37,, 32,39,68,92,105,117,141,160,181,199,222,243,260,273,287,318,340,348,362,388,415,437,446,462,490,495,519,549,591,611,633,664,676,703,716,729,745,
38,, 15,33,53,62,78,125,136,160,181,206,226,247,249,279,297,308,339,354,384,406,425,442,461,482,495,528,547,561,576,607,610,636,648,670,698,716,729,755,
39,, 3,27,55,71,91,113,125,159,176,201,228,242,254,281,293,310,336,356,380,392,401,428,451,460,494,495,521,534,562,582,607,626,638,652,683,694,716,736,751,
40,, 15,32,40,65,79,101,121,151,157,184,207,226,241,263,276,295,316,337,343,373,397,407,425,438,459,491,506,527,534,570,581,598,627,643,659,674,697,705,736,755,
