29,, 6,22,61,88,122,130,152,198,221,232,256,275,300,317,360,391,415,439,444,531,657,717,762,780,824,880,887,923,929,
30,, 6,22,61,88,122,130,152,198,221,232,256,275,300,317,353,360,391,415,439,444,531,657,717,762,780,824,880,887,923,929,
31,, 6,22,61,88,122,130,152,198,221,232,256,275,300,317,353,360,391,415,439,444,531,657,717,744,762,780,824,880,887,923,929,
32,, 6,22,63,88,122,130,152,198,221,232,256,275,300,317,353,360,391,415,444,531,555,657,681,717,744,762,780,824,880,887,923,929,
33,, 6,22,63,88,122,130,153,198,221,241,256,275,300,317,353,360,391,415,444,490,531,555,657,681,717,744,762,780,824,880,887,923,929,
34,, 6,22,63,88,122,130,153,198,221,241,275,300,317,353,360,391,415,444,482,490,531,555,617,657,681,717,756,774,780,824,880,887,923,929,
35,, 6,22,63,88,122,130,153,198,221,241,258,275,300,317,353,365,391,415,444,482,490,531,555,577,617,657,681,717,756,774,780,824,880,887,923,
36,, 7,22,63,88,122,130,152,198,221,241,258,275,300,317,353,365,391,415,425,444,482,490,531,577,610,657,681,699,717,756,762,780,824,859,887,931,
37,, 13,22,63,88,122,142,152,205,218,241,258,275,311,317,365,391,415,425,444,482,490,506,539,577,597,610,646,657,681,717,749,774,819,828,859,887,906,
38,, 13,22,63,73,88,122,142,205,218,241,258,275,311,317,351,365,391,410,425,453,482,490,506,539,577,597,610,631,657,681,717,749,774,819,828,859,887,906,
39,, 8,26,63,85,122,158,208,221,251,268,300,348,365,385,415,422,444,483,492,506,559,577,607,617,641,657,681,699,720,745,774,779,813,824,849,880,887,911,933,
40,, 8,26,63,85,122,158,208,223,244,268,300,348,365,385,415,422,444,483,492,506,537,559,582,607,617,641,655,681,699,724,745,774,779,813,824,849,880,887,911,933,
41,, 21,37,49,99,125,136,157,190,220,248,260,283,301,318,354,371,389,417,423,444,466,500,522,546,561,573,598,629,667,688,710,728,750,762,782,810,847,881,897,916,938,
42,, 19,42,50,91,116,147,156,180,203,224,246,259,276,296,324,343,363,398,408,426,449,464,486,514,534,548,591,614,668,683,700,716,755,764,797,803,826,851,880,889,910,941,
43,, 2,40,48,71,94,117,136,160,182,198,219,241,311,320,346,358,379,412,440,452,476,484,509,543,562,587,601,610,634,670,692,701,723,744,777,784,815,824,861,874,900,918,931,
44,, 18,42,48,71,94,117,136,160,198,219,241,265,279,311,320,346,358,379,412,440,452,476,484,509,543,562,587,601,610,634,670,680,701,726,744,777,784,815,824,861,874,900,918,932,
45,, 6,27,44,76,103,110,136,167,171,198,217,234,261,287,301,317,338,375,392,412,439,460,470,491,509,537,554,576,596,619,634,670,688,701,732,741,777,783,812,839,848,869,894,912,927,
