28,, 47,65,86,119,135,181,194,240,254,279,302,319,340,388,409,445,464,550,656,680,699,729,780,826,841,875,895,935,
29,, 47,65,86,119,135,181,194,240,254,279,302,319,340,388,409,445,464,550,656,680,699,729,770,780,826,841,875,895,935,
30,, 47,65,86,119,135,181,194,240,254,279,302,319,340,388,409,445,464,550,571,656,680,699,729,770,780,826,841,875,895,935,
31,, 47,65,86,119,135,181,194,240,254,279,302,319,340,388,409,445,464,550,571,656,680,699,729,770,780,826,841,875,895,907,935,
32,, 47,65,86,119,135,181,194,240,254,279,302,319,340,388,409,445,464,546,550,571,656,680,699,729,770,780,826,841,875,895,907,935,
33,, 47,65,86,119,135,181,194,240,254,279,302,319,340,388,409,445,464,494,546,550,571,656,680,699,729,770,780,826,841,875,895,907,935,
34,, 47,65,86,119,135,181,194,240,254,279,302,319,340,388,409,445,464,494,546,550,571,656,680,699,729,740,770,780,826,841,875,895,907,935,
35,, 36,47,65,86,119,135,181,194,240,254,279,302,319,340,362,388,409,445,464,494,546,550,571,619,656,680,699,729,740,780,826,841,875,895,907,
36,, 36,47,65,86,119,135,181,194,240,254,279,302,319,340,362,388,409,445,464,494,546,550,571,619,656,680,699,729,740,780,826,841,875,895,907,943,
37,, 36,47,65,86,125,135,181,194,240,254,279,302,319,344,362,388,408,445,464,494,511,546,550,571,597,619,680,699,729,740,780,826,841,875,895,907,943,
38,, 36,47,65,86,125,135,150,181,206,240,256,277,302,319,355,369,388,408,426,464,494,511,546,550,571,605,619,634,680,699,740,781,834,841,865,895,907,943,
39,, 36,47,65,86,125,135,150,181,206,240,256,277,302,319,355,369,388,408,426,464,494,511,546,550,571,605,619,634,680,699,734,740,781,834,841,865,895,907,943,
40,, 32,51,74,86,106,130,169,223,247,261,278,312,336,339,366,388,415,421,462,472,487,511,538,561,569,593,621,650,661,688,700,734,745,786,835,857,868,902,905,940,
41,, 34,47,65,86,125,135,150,173,201,225,240,266,279,302,326,356,360,388,418,426,464,494,513,546,550,587,597,619,634,653,680,699,726,770,781,834,860,865,893,924,937,
42,, 6,37,63,71,87,124,132,186,199,238,257,291,303,327,346,367,382,414,428,462,473,502,515,531,563,583,603,616,649,652,677,695,715,756,775,791,805,836,853,878,891,915,
43,, 9,31,60,75,90,111,133,151,174,190,237,255,275,306,327,340,376,391,415,439,451,479,496,508,541,551,579,591,623,632,652,688,701,721,744,763,784,830,853,864,895,909,928,
44,, 18,31,49,83,92,126,132,185,191,211,248,265,292,296,321,349,365,394,415,429,455,480,486,525,541,549,587,592,625,632,652,683,701,715,755,761,798,803,830,860,863,895,917,935,
45,, 9,42,45,68,86,119,138,168,183,192,223,243,262,292,296,326,349,361,384,419,426,457,469,490,508,546,548,584,606,620,648,665,686,697,722,745,762,797,807,833,859,873,902,915,937,
