28,, 7,30,48,58,79,96,128,142,167,176,200,211,237,248,279,316,327,347,373,436,441,468,533,563,593,623,704,741,
29,, 7,30,48,58,79,96,128,142,167,176,200,211,237,248,279,316,327,347,373,436,441,468,495,533,563,593,623,704,741,
30,, 7,30,48,58,79,96,128,142,167,176,200,211,237,248,279,292,316,327,347,373,436,441,468,495,533,563,593,623,704,741,
31,, 7,30,48,66,79,96,128,142,176,200,211,237,248,279,292,323,327,347,373,436,441,457,495,533,563,593,623,645,667,704,741,
32,, 17,30,48,66,79,96,128,142,176,200,215,237,248,279,292,323,327,347,373,436,441,457,495,541,563,578,593,623,652,667,685,741,
33,, 18,30,48,66,79,96,128,142,160,176,200,215,237,279,292,316,327,359,373,436,441,457,495,533,563,578,593,623,652,667,707,741,745,
34,, 17,20,48,66,91,96,142,160,176,200,215,237,253,279,292,316,328,373,436,441,457,483,495,541,563,578,593,623,652,667,688,707,741,745,
35,, 17,20,48,66,91,96,142,160,176,200,215,237,253,279,292,316,328,353,373,436,441,457,483,495,541,563,578,593,623,652,667,688,707,741,745,
36,, 17,20,48,66,91,96,119,142,160,175,200,215,237,253,292,307,328,353,373,436,455,458,483,498,541,563,578,597,615,636,652,667,688,707,741,745,
37,, 15,21,41,69,85,98,123,137,168,183,193,224,237,252,270,315,328,351,380,393,415,436,447,468,513,551,557,582,591,615,636,661,675,688,714,741,757,
38,, 11,36,42,76,86,98,116,151,163,174,194,226,232,264,274,303,320,341,354,368,397,404,436,449,463,478,511,526,556,571,608,611,633,664,684,703,714,728,
39,, 19,27,41,68,83,113,129,150,162,177,204,219,241,263,285,304,310,340,351,367,387,402,427,440,467,491,500,533,558,577,601,623,629,653,667,692,721,741,752,
40,, 1,30,41,63,92,98,128,147,168,177,209,226,239,264,270,303,311,336,351,368,397,404,422,453,466,480,511,519,534,557,571,602,614,646,664,675,703,718,723,746,
