27,, 1,25,40,65,84,96,119,145,173,233,250,314,324,389,417,441,459,488,515,556,571,605,618,637,684,741,756,
28,, 1,25,40,65,84,96,119,145,173,233,250,314,324,389,417,441,459,488,515,539,556,571,605,618,637,684,741,756,
29,, 1,25,40,65,84,96,119,145,171,173,233,250,314,324,389,417,441,459,488,515,539,556,571,605,618,637,684,741,756,
30,, 1,25,40,65,84,96,119,145,171,173,233,250,314,324,389,417,441,459,488,511,515,539,556,571,605,618,637,684,741,756,
31,, 1,25,40,65,84,96,119,145,171,179,233,253,314,336,349,371,389,441,459,488,511,515,539,556,571,605,618,637,652,684,741,
32,, 1,25,40,65,84,96,119,145,171,179,205,233,253,314,336,371,389,410,441,488,511,515,539,556,571,605,618,637,652,684,686,741,
33,, 1,25,40,65,84,96,119,145,171,205,233,253,271,314,336,343,371,381,441,460,488,511,515,539,575,605,612,637,652,676,686,741,744,
34,, 1,38,40,60,80,96,127,145,171,184,205,255,271,314,324,343,362,392,441,460,488,505,515,547,575,605,616,634,652,676,695,707,741,744,
35,, 15,38,40,65,96,123,145,171,184,203,255,280,304,314,324,343,362,392,441,461,492,505,515,547,561,587,605,616,634,652,684,693,707,741,744,
36,, 1,28,49,65,81,126,145,171,184,205,214,230,255,271,302,314,380,399,408,422,441,460,492,502,515,533,567,589,599,615,628,673,694,707,741,756,
37,, 12,33,57,77,107,117,150,156,173,205,213,232,275,297,318,330,350,366,386,401,435,444,469,490,512,521,545,568,587,608,615,631,676,699,720,734,754,
38,, 17,25,49,74,93,114,117,140,156,173,195,210,253,275,302,319,339,359,366,383,403,455,464,476,512,522,533,562,581,595,623,637,654,668,692,721,734,758,
39,, 12,29,46,68,85,114,133,141,170,172,191,213,243,253,271,302,313,332,353,372,387,406,422,443,464,494,509,514,563,579,592,623,636,649,670,689,719,741,759,
40,, 17,25,42,75,93,114,123,145,156,188,201,210,237,266,280,302,313,325,352,372,388,416,427,443,464,482,507,516,545,552,579,595,621,637,656,679,697,709,736,748,
