29,, 11,23,80,94,109,131,149,176,205,217,236,264,277,303,383,421,448,478,512,527,562,656,673,742,779,804,898,921,925,
30,, 11,23,80,94,109,131,149,176,205,217,236,264,277,303,383,421,448,478,512,527,562,656,673,742,779,804,859,898,921,925,
31,, 11,23,105,109,131,149,176,205,217,236,277,303,374,383,441,448,478,512,527,577,656,673,695,733,742,779,804,859,898,921,925,
32,, 11,23,80,105,109,138,149,176,205,217,236,264,277,303,331,374,383,421,448,478,501,512,527,550,656,742,779,804,859,898,921,930,
33,, 11,23,74,105,109,138,176,205,217,236,264,277,303,331,374,383,421,448,478,501,512,527,550,614,656,742,763,779,804,859,898,921,930,
34,, 11,23,74,87,109,138,176,205,225,277,303,331,342,374,383,421,448,478,501,512,527,550,587,614,648,662,742,763,779,804,859,898,921,930,
35,, 11,23,74,87,126,138,176,205,225,277,303,331,337,374,383,420,421,448,478,501,512,527,550,587,614,648,662,742,777,779,804,859,898,921,930,
36,, 11,23,74,87,126,138,176,205,225,249,277,303,331,337,374,383,420,421,448,466,485,512,527,550,587,614,648,662,742,777,779,804,859,866,897,930,
37,, 11,23,74,87,126,138,176,205,225,249,277,303,331,337,374,392,420,421,448,466,485,512,527,550,587,600,614,648,662,742,777,778,804,859,866,897,930,
38,, 4,30,68,103,126,138,152,176,190,211,239,274,311,331,337,361,383,420,427,456,471,485,518,527,550,587,600,617,662,690,742,777,787,804,859,875,906,935,
39,, 4,25,72,103,126,138,152,176,190,211,239,264,274,311,331,351,361,383,420,427,456,485,518,529,550,587,600,617,662,690,716,742,777,787,804,859,875,906,940,
40,, 5,23,45,80,101,106,139,167,176,193,226,240,258,277,305,336,338,373,387,417,439,448,476,503,517,532,556,577,605,623,679,722,742,771,787,806,851,863,923,935,
41,, 32,84,87,118,129,154,179,206,216,232,264,277,310,345,376,379,412,434,455,468,494,505,545,584,602,621,632,665,674,704,732,743,767,790,803,824,853,875,900,923,929,
42,, 32,84,87,118,129,166,179,206,216,232,264,277,310,345,376,379,412,434,455,468,494,505,545,554,584,602,621,632,665,674,704,735,743,767,790,803,824,853,875,900,923,929,
43,, 16,31,70,86,108,135,156,187,207,217,252,258,283,305,321,345,377,392,418,422,455,470,496,523,537,567,577,604,617,641,674,695,718,748,774,779,811,826,857,876,890,909,937,
44,, 17,35,45,72,87,133,153,173,203,229,249,267,275,295,321,349,376,379,412,439,449,470,484,508,543,559,582,591,630,642,661,693,704,733,753,770,780,814,835,855,872,886,923,937,
45,, 17,35,45,72,87,112,133,153,173,203,229,249,267,275,305,321,349,373,379,412,439,449,470,484,508,543,559,582,591,630,642,661,693,704,733,744,770,780,814,835,855,872,886,923,937,
