31,, 95,144,202,234,254,285,303,354,377,425,455,486,507,535,559,580,613,622,651,694,740,786,808,856,891,908,1010,1056,1085,1105,1143,
32,, 37,95,144,202,234,254,285,303,354,377,425,455,486,507,535,559,580,613,622,651,694,740,786,808,856,891,908,1010,1056,1085,1105,1143,
33,, 37,95,144,202,227,234,254,285,303,354,377,425,455,486,507,535,559,580,613,622,651,694,740,786,808,856,891,908,1010,1056,1085,1105,1143,
34,, 37,95,144,202,227,234,254,285,303,354,377,425,455,486,507,535,559,580,613,622,651,694,740,786,808,856,891,908,1010,1032,1056,1085,1105,1143,
35,, 37,95,144,202,227,234,254,285,303,354,377,425,455,486,507,535,559,580,613,622,651,694,740,760,786,808,856,891,908,1010,1032,1056,1085,1105,1143,
36,, 37,95,134,144,202,227,234,254,285,303,354,377,425,455,486,507,535,559,580,613,622,651,694,740,760,786,808,856,891,908,1010,1032,1056,1085,1105,1143,
37,, 37,95,134,144,202,227,234,254,285,303,360,377,425,455,486,535,559,580,613,622,651,676,694,740,760,786,808,856,891,908,968,1010,1032,1056,1085,1111,1143,
38,, 37,95,134,144,202,227,234,254,285,303,360,390,425,455,477,486,535,559,580,618,622,651,676,694,740,760,786,808,856,891,908,968,1010,1032,1056,1085,1111,1143,
39,, 37,95,134,144,202,227,234,254,285,303,360,390,425,455,477,486,535,559,580,618,622,651,676,694,740,760,786,808,856,891,908,968,1010,1032,1056,1079,1085,1111,1143,
40,, 37,95,134,144,204,227,234,254,296,303,360,390,413,425,455,477,486,535,559,580,618,633,647,676,694,740,760,793,808,856,891,919,968,1010,1032,1056,1079,1085,1111,1143,
41,, 37,51,95,134,144,204,227,247,254,296,303,360,390,413,418,455,477,486,535,568,580,618,633,647,676,694,740,768,793,808,866,891,912,968,1010,1032,1056,1079,1085,1111,1143,
42,, 37,51,95,134,144,204,227,247,254,296,303,360,390,413,418,455,477,486,527,535,568,580,618,633,647,676,694,727,740,768,793,808,862,891,912,1010,1032,1056,1079,1085,1111,1143,
43,, 39,51,109,121,184,204,227,231,265,290,312,362,390,413,420,455,477,501,512,535,554,580,602,633,653,676,691,727,740,768,793,808,857,891,912,951,979,991,1054,1079,1092,1111,1141,
44,, 27,51,86,109,121,140,182,192,227,231,261,312,325,361,390,399,455,479,496,547,561,580,618,647,683,697,730,741,772,795,824,865,891,912,942,951,975,991,1015,1054,1062,1103,1116,1138,
45,, 41,65,84,113,121,148,171,188,234,263,284,306,337,368,373,434,449,462,487,509,541,563,580,612,635,645,695,726,758,764,798,807,850,854,877,899,923,964,971,998,1040,1065,1094,1105,1129,
46,, 7,36,53,82,110,133,159,184,195,217,253,259,282,316,337,352,376,406,444,475,489,535,554,595,612,632,653,713,728,739,760,793,814,838,857,880,930,952,984,1006,1015,1042,1080,1098,1117,1138,
47,, 10,25,59,74,95,116,145,174,189,217,246,260,282,303,326,347,381,412,437,450,501,527,548,567,586,599,640,664,694,725,750,769,793,817,847,870,909,932,955,982,1004,1034,1043,1078,1083,1111,1150,
48,, 11,33,54,113,127,153,163,207,223,239,268,287,319,335,358,376,399,433,451,477,484,514,537,569,584,618,626,665,683,706,719,747,781,789,818,839,871,875,916,924,946,1004,1019,1036,1062,1097,1112,1129,
49,, 2,40,50,84,97,134,139,165,185,250,260,287,301,331,348,376,411,419,445,467,505,515,539,555,597,609,623,651,678,701,736,747,778,787,827,833,853,885,909,932,948,988,990,1023,1040,1067,1095,1123,1140,
50,, 7,37,56,73,111,138,147,166,198,214,234,264,286,309,332,353,371,411,424,454,471,489,528,549,575,597,613,640,645,682,691,714,738,760,796,819,832,862,885,915,926,963,983,1011,1034,1038,1061,1087,1112,1135,
