32,, 25,47,99,127,150,169,198,279,303,346,388,425,486,513,531,575,596,604,630,697,763,844,861,881,919,944,976,1014,1042,1073,1089,1131,
33,, 25,47,99,127,150,169,198,279,303,346,388,425,486,513,531,575,596,604,630,697,729,763,844,861,881,919,944,976,1014,1042,1073,1089,1131,
34,, 25,69,109,127,150,169,198,279,303,346,388,425,482,486,513,531,575,596,604,630,697,729,763,844,861,881,919,944,969,1014,1042,1073,1089,1131,
35,, 25,69,109,127,150,169,198,279,303,346,388,425,482,486,513,531,575,596,604,630,697,729,763,844,861,881,919,944,969,1007,1014,1042,1073,1089,1131,
36,, 25,69,109,127,150,169,198,279,303,346,388,425,482,486,513,531,575,596,604,630,697,729,763,803,844,861,881,919,944,969,1007,1014,1042,1073,1089,1131,
37,, 25,69,109,127,150,169,198,279,307,346,388,425,482,486,513,531,575,596,604,630,697,729,763,803,806,844,861,881,937,944,969,1007,1014,1042,1073,1089,1131,
38,, 25,50,109,127,150,198,279,307,346,388,425,451,482,503,513,531,575,578,632,656,683,697,729,763,803,806,844,852,901,937,944,969,1007,1014,1040,1073,1089,1131,
39,, 25,50,109,127,150,198,251,279,307,346,388,425,451,471,503,513,531,575,578,632,656,683,697,729,763,803,806,845,852,901,937,957,969,1007,1014,1040,1073,1089,1131,
40,, 50,86,109,127,150,198,251,274,279,307,346,388,403,451,471,503,513,531,575,578,632,656,683,697,729,763,803,806,845,852,901,937,957,969,1007,1014,1040,1073,1089,1131,
41,, 50,86,109,127,150,198,251,274,279,307,346,388,403,428,451,471,503,513,531,575,578,632,656,683,697,729,763,803,806,845,852,901,937,957,969,1007,1014,1040,1073,1089,1131,
42,, 50,86,109,127,150,198,251,274,279,307,345,346,388,403,428,451,471,513,552,575,578,632,656,683,697,729,763,803,806,845,852,901,926,957,969,1007,1014,1040,1072,1089,1120,1131,
43,, 6,86,109,127,150,198,251,274,279,307,345,346,388,407,428,441,482,503,513,552,575,578,604,632,683,697,729,754,763,803,806,844,857,892,901,937,957,969,1014,1040,1072,1089,1131,
44,, 30,68,91,104,137,152,165,188,224,231,269,299,319,326,387,397,429,439,470,505,515,539,606,662,680,692,732,759,771,803,823,843,857,891,901,928,963,981,1011,1013,1048,1064,1090,1123,
45,, 17,46,56,87,94,126,155,175,241,256,286,321,342,386,429,448,473,494,512,549,571,598,605,641,662,688,691,724,746,760,800,816,838,871,895,904,939,944,981,1022,1047,1080,1088,1106,1144,
46,, 20,32,55,74,94,118,160,175,187,265,291,302,324,360,386,412,430,473,494,513,549,568,598,605,641,651,688,696,724,780,797,813,839,871,895,904,939,944,981,991,1022,1047,1081,1091,1106,1144,
47,, 10,38,62,84,106,126,172,189,243,271,277,302,340,350,388,409,430,450,470,500,526,550,570,590,617,639,649,680,693,714,742,768,784,817,841,868,876,909,923,948,1002,1013,1044,1077,1088,1105,1129,
48,, 21,28,58,84,113,130,154,177,200,217,263,294,312,343,355,376,409,423,452,467,499,512,551,557,581,616,627,647,679,697,720,747,767,792,811,842,873,888,914,922,945,1012,1026,1045,1079,1088,1113,1147,
49,, 20,38,50,85,104,131,143,178,188,209,241,267,279,320,361,387,403,436,439,473,504,522,549,553,585,606,622,663,671,692,721,737,767,801,827,840,866,891,904,937,966,973,992,1022,1038,1067,1089,1109,1142,
50,, 18,39,49,78,95,122,146,168,190,222,250,273,292,301,334,352,382,408,416,452,481,492,515,530,556,595,612,637,647,690,703,724,759,771,803,815,843,854,891,914,937,955,970,1011,1026,1058,1064,1103,1109,1129,
