39,, 35,62,87,165,199,210,251,263,298,322,351,396,428,453,471,532,582,605,655,716,744,805,870,916,965,1020,1042,1105,1154,1177,1202,1230,1263,1326,1369,1391,1406,1469,1529,
40,, 7,35,62,87,165,199,210,251,263,298,322,351,396,428,453,471,532,582,605,655,716,744,805,870,916,965,1020,1042,1105,1154,1177,1202,1230,1263,1326,1369,1391,1406,1469,1529,
41,, 7,35,62,87,150,165,199,210,251,263,298,322,351,396,428,453,471,532,582,605,655,716,744,805,870,916,965,1020,1042,1105,1154,1177,1202,1230,1263,1326,1369,1391,1406,1469,1529,
42,, 7,35,62,87,150,165,199,210,251,263,298,322,351,396,428,453,471,532,582,605,655,716,744,805,870,916,965,1020,1042,1071,1105,1154,1177,1202,1230,1263,1326,1369,1391,1406,1469,1529,
43,, 7,35,68,87,150,165,199,210,251,263,298,322,351,396,428,453,471,532,582,605,655,716,744,805,870,916,965,994,1020,1042,1071,1105,1154,1177,1202,1230,1263,1326,1369,1399,1406,1469,1529,
44,, 7,35,68,87,150,165,199,210,251,263,298,322,351,396,428,453,532,582,605,655,716,744,805,825,870,885,932,965,994,1020,1042,1071,1105,1154,1177,1202,1230,1263,1326,1369,1399,1406,1469,1529,
45,, 7,35,68,87,150,165,199,210,251,263,307,322,351,369,396,428,453,532,575,605,655,716,744,805,825,870,885,932,965,994,1034,1042,1071,1105,1154,1177,1202,1230,1263,1326,1369,1399,1406,1469,1529,
46,, 7,35,68,87,108,150,165,197,210,248,263,307,322,351,369,411,423,453,474,532,575,655,716,744,805,825,870,885,915,965,1026,1042,1071,1105,1154,1177,1202,1230,1249,1326,1329,1369,1399,1406,1469,1529,
47,, 7,35,68,87,108,150,181,197,210,248,263,307,322,351,369,411,423,453,474,532,575,610,655,716,744,799,825,870,885,915,965,1026,1042,1071,1105,1154,1177,1202,1225,1249,1297,1326,1369,1399,1406,1469,1529,
48,, 17,35,68,87,108,150,181,197,210,248,263,307,322,351,369,411,423,453,537,586,610,655,716,744,799,825,870,885,915,965,1026,1050,1071,1105,1154,1177,1202,1225,1249,1291,1326,1339,1369,1399,1406,1450,1469,1529,
49,, 17,35,68,87,108,150,181,197,210,248,263,307,322,351,369,411,423,453,537,586,610,655,716,744,799,825,870,885,915,957,965,1026,1050,1071,1105,1154,1177,1202,1225,1249,1291,1326,1339,1369,1399,1406,1450,1458,1529,
50,, 17,35,68,87,108,150,181,197,210,248,263,307,322,351,369,401,423,453,537,586,610,655,694,705,744,799,825,870,885,915,957,965,1026,1050,1071,1105,1154,1171,1202,1230,1249,1291,1326,1339,1369,1399,1406,1450,1458,1529,
51,, 11,30,68,87,128,167,186,222,284,298,322,356,369,415,434,449,486,517,522,575,605,638,655,694,706,744,781,825,860,885,931,960,965,994,1034,1064,1107,1141,1194,1202,1230,1249,1297,1305,1334,1371,1386,1424,1450,1458,1523,
52,, 48,68,87,110,167,203,218,252,263,308,328,360,399,442,443,470,501,531,554,602,643,668,727,753,796,822,836,860,910,919,955,971,989,1033,1053,1073,1093,1125,1161,1173,1210,1268,1297,1322,1342,1371,1394,1426,1448,1461,1496,1514,
53,, 18,27,60,99,128,132,173,196,231,251,263,311,323,359,403,442,448,484,512,541,549,602,672,691,706,741,788,830,840,871,901,933,953,985,992,1033,1066,1068,1107,1122,1165,1171,1202,1244,1263,1291,1328,1355,1398,1426,1482,1497,1510,
54,, 18,27,60,99,128,132,173,196,231,251,263,290,323,359,392,442,448,484,512,541,549,602,672,691,706,741,786,830,840,871,901,935,953,982,992,1033,1066,1068,1107,1122,1165,1171,1202,1244,1263,1291,1321,1328,1355,1398,1426,1482,1497,1510,
55,, 21,50,87,118,143,161,183,228,256,261,305,317,360,371,394,431,444,480,572,590,610,631,651,681,709,741,781,830,846,859,888,911,955,985,999,1033,1051,1083,1104,1134,1146,1180,1208,1248,1272,1287,1306,1330,1364,1380,1408,1455,1470,1507,1520,
56,, 9,37,68,102,125,149,175,189,227,260,263,298,325,360,370,404,440,458,492,505,530,551,580,602,629,663,684,716,749,758,807,856,871,924,961,980,1028,1052,1069,1096,1126,1156,1183,1216,1244,1264,1290,1303,1347,1378,1392,1419,1439,1457,1501,1517,
57,, 3,35,70,82,105,174,203,210,254,266,312,320,356,375,393,423,453,485,499,542,565,602,639,670,686,725,746,755,786,823,841,871,897,933,954,972,1001,1032,1065,1079,1093,1133,1169,1182,1208,1245,1274,1289,1320,1328,1362,1386,1427,1441,1457,1489,1517,
58,, 23,28,68,93,124,149,160,200,227,260,272,293,327,360,370,397,424,460,476,505,546,580,613,635,664,690,725,734,758,782,807,856,868,899,924,937,979,991,1026,1052,1092,1117,1126,1156,1185,1208,1244,1259,1284,1301,1347,1360,1385,1419,1431,1472,1493,1517,
