38,, 5,29,56,114,133,283,307,314,342,371,394,422,463,498,528,549,598,623,631,678,796,810,877,919,937,968,1018,1058,1075,1109,1120,1169,1206,1265,1330,1382,1483,1521,
39,, 5,29,56,114,133,283,307,314,342,371,394,422,463,498,528,549,598,623,631,678,796,810,877,919,937,968,1018,1058,1075,1109,1120,1169,1206,1239,1265,1330,1382,1483,1521,
40,, 5,29,56,114,133,283,307,314,342,371,394,422,463,498,528,549,598,623,631,678,796,810,877,919,937,968,1018,1058,1075,1109,1120,1169,1206,1239,1265,1330,1356,1382,1483,1521,
41,, 5,29,56,114,133,283,307,314,342,371,394,422,463,498,528,549,598,623,631,678,796,810,877,919,937,968,1018,1058,1075,1109,1120,1169,1206,1239,1265,1330,1356,1382,1459,1483,1521,
42,, 5,29,56,114,133,283,307,314,342,371,394,422,463,480,498,528,549,598,623,631,678,796,810,877,919,937,968,1018,1058,1075,1109,1120,1169,1206,1239,1265,1330,1356,1382,1459,1483,1521,
43,, 5,29,56,114,133,192,283,307,314,342,371,394,422,463,480,498,528,549,598,623,631,678,796,810,877,919,937,968,1018,1058,1075,1109,1120,1169,1206,1239,1265,1330,1356,1382,1459,1483,1521,
44,, 5,29,56,103,114,133,192,283,307,314,342,371,394,422,463,480,498,528,549,598,623,631,678,796,810,877,919,937,968,1018,1058,1075,1109,1120,1169,1206,1239,1265,1330,1356,1382,1459,1483,1521,
45,, 5,29,56,103,114,133,192,283,307,314,342,371,394,422,480,498,528,549,598,623,631,678,710,762,796,810,877,919,937,968,1012,1018,1058,1075,1109,1120,1239,1265,1306,1330,1356,1382,1459,1483,1521,
46,, 5,29,56,103,114,133,192,283,307,314,342,371,394,422,480,498,528,549,598,623,631,678,710,762,796,810,877,919,937,968,1012,1018,1058,1075,1109,1120,1151,1239,1265,1306,1330,1356,1382,1459,1483,1521,
47,, 5,29,56,103,114,133,192,283,307,314,342,371,394,422,455,480,498,528,549,598,623,631,678,710,762,796,810,877,919,937,968,1012,1018,1058,1075,1109,1120,1151,1239,1265,1306,1330,1356,1382,1459,1483,1521,
48,, 5,29,66,103,114,133,192,237,283,307,314,342,371,394,422,455,480,498,528,556,598,623,631,681,710,740,762,796,810,877,919,937,968,1012,1018,1058,1075,1109,1120,1151,1239,1265,1306,1330,1356,1438,1483,1521,
49,, 5,29,66,103,114,133,192,237,283,307,314,342,371,394,422,455,480,498,528,556,598,623,631,681,710,740,762,796,810,872,896,919,937,968,1012,1018,1058,1075,1109,1120,1151,1239,1265,1306,1330,1356,1438,1483,1515,
50,, 5,29,66,103,114,191,237,283,287,327,343,371,395,422,455,480,498,523,564,586,623,631,681,710,740,762,796,831,850,872,896,919,937,968,1018,1043,1075,1120,1151,1216,1235,1257,1282,1306,1355,1402,1410,1438,1483,1515,
51,, 5,29,66,103,114,191,237,283,287,327,343,371,395,422,455,480,498,523,564,586,623,631,681,710,740,762,796,831,850,872,896,915,937,968,1018,1043,1075,1104,1139,1151,1216,1235,1257,1282,1306,1336,1355,1402,1438,1483,1515,
52,, 5,29,66,103,114,133,191,237,283,287,327,343,371,395,422,455,480,498,523,564,586,623,631,681,710,740,762,796,831,850,872,896,915,937,968,1018,1043,1075,1104,1139,1151,1216,1235,1257,1282,1306,1336,1355,1402,1438,1483,1515,
53,, 3,37,54,104,116,133,158,192,221,243,283,307,330,345,371,395,422,455,480,520,536,572,576,623,639,659,690,707,740,762,803,810,872,886,919,943,968,1013,1019,1044,1067,1093,1138,1170,1247,1265,1306,1330,1355,1381,1461,1483,1515,
54,, 3,37,66,103,126,133,158,192,221,243,283,303,330,343,371,409,422,455,480,498,528,572,598,623,639,662,692,707,740,762,803,821,872,886,919,943,968,1013,1025,1044,1067,1109,1120,1168,1216,1247,1257,1306,1330,1375,1382,1461,1483,1515,
55,, 9,40,61,80,115,131,177,208,210,254,262,304,338,356,402,441,457,474,504,528,551,596,623,644,673,692,727,763,798,812,847,871,898,935,951,987,1036,1054,1076,1097,1119,1149,1185,1219,1227,1249,1287,1307,1334,1382,1414,1454,1477,1494,1513,
56,, 15,51,78,100,119,141,180,190,220,273,306,320,353,387,391,435,448,471,504,527,555,598,613,635,653,691,717,751,766,802,828,869,901,915,942,967,1036,1055,1070,1093,1144,1147,1186,1222,1227,1270,1296,1304,1338,1357,1392,1411,1438,1479,1508,1527,
57,, 23,34,67,88,121,142,160,188,218,258,271,304,321,363,367,401,438,451,472,515,527,561,579,616,642,661,687,706,741,761,800,822,876,899,919,947,974,1010,1019,1064,1067,1095,1135,1154,1195,1240,1249,1285,1321,1343,1363,1380,1406,1438,1482,1493,1512,
58,, 6,39,70,100,109,152,158,183,228,255,274,312,315,344,389,403,420,446,474,507,533,561,578,624,646,660,690,706,747,778,795,809,863,904,912,960,987,998,1018,1044,1086,1116,1135,1170,1195,1202,1223,1263,1283,1311,1332,1353,1384,1419,1441,1482,1491,1532,
