35,, 1,36,53,140,165,199,296,404,467,470,508,523,566,600,625,722,771,786,846,888,934,940,974,991,1106,1138,1173,1201,1271,1336,1370,1379,1415,1472,1512,
36,, 1,36,53,140,165,199,296,386,404,467,470,508,523,566,600,625,722,771,786,846,888,934,940,974,991,1106,1138,1173,1201,1271,1336,1370,1379,1415,1472,1512,
37,, 1,36,53,140,165,199,296,386,404,441,467,470,508,523,566,600,625,722,771,786,846,888,934,940,974,991,1106,1138,1173,1201,1271,1336,1370,1379,1415,1472,1512,
38,, 1,36,53,140,165,199,296,386,404,441,467,470,508,523,566,600,625,683,722,771,786,846,888,934,940,974,991,1106,1138,1173,1201,1271,1336,1370,1379,1415,1472,1512,
39,, 1,36,53,140,165,199,296,386,404,441,467,470,508,523,566,600,625,683,722,771,786,809,846,888,934,940,974,991,1106,1138,1173,1201,1271,1336,1370,1379,1415,1472,1512,
40,, 1,36,53,140,165,199,296,386,404,441,467,470,508,523,566,600,625,683,722,771,786,809,846,888,934,940,974,991,1106,1138,1173,1201,1271,1295,1336,1370,1379,1415,1472,1512,
41,, 16,36,53,165,199,210,296,386,404,441,468,470,508,523,566,600,625,683,722,771,786,809,846,888,934,940,974,991,1106,1138,1173,1201,1271,1295,1336,1370,1379,1415,1431,1472,1512,
42,, 16,36,53,137,165,199,210,296,386,404,441,468,470,508,523,566,600,625,683,722,771,786,809,846,888,934,940,974,991,1106,1138,1173,1201,1271,1295,1336,1370,1379,1415,1431,1472,1512,
43,, 16,36,53,137,165,199,210,254,296,386,404,441,468,473,508,538,566,574,620,625,683,726,729,771,786,809,846,888,934,940,974,991,1106,1173,1201,1239,1271,1295,1374,1388,1415,1472,1512,
44,, 16,36,53,137,165,199,210,254,296,386,404,441,468,473,508,538,566,574,620,625,683,726,729,771,786,809,846,888,934,940,974,991,1106,1128,1173,1201,1239,1271,1295,1374,1388,1415,1472,1512,
45,, 16,69,83,109,165,199,210,254,296,386,404,441,468,473,508,538,566,574,620,636,655,683,726,729,771,786,809,846,888,934,940,974,991,1051,1106,1173,1201,1239,1271,1295,1375,1388,1415,1472,1512,
46,, 24,27,69,83,109,165,199,210,296,386,404,441,457,473,508,538,566,574,620,636,655,683,726,732,771,786,809,848,866,888,934,940,974,991,1051,1090,1105,1173,1201,1239,1271,1295,1375,1388,1472,1512,
47,, 24,27,69,83,156,165,199,210,296,358,386,405,441,457,473,508,538,566,578,620,636,683,726,732,771,797,809,845,866,888,934,940,974,991,1051,1090,1105,1127,1188,1212,1239,1271,1295,1375,1388,1472,1512,
48,, 24,27,69,83,156,165,199,210,296,332,358,386,405,441,451,469,508,538,566,578,620,626,726,732,771,797,809,845,866,890,934,957,987,1005,1051,1090,1105,1127,1188,1211,1238,1251,1295,1312,1375,1396,1472,1512,
49,, 24,27,69,83,156,165,199,210,296,332,358,386,407,441,451,469,508,540,566,578,620,626,726,732,771,797,809,845,866,890,934,957,987,1005,1051,1090,1105,1127,1188,1211,1238,1251,1295,1312,1375,1396,1436,1472,1512,
50,, 24,27,69,83,156,165,183,217,283,295,332,358,386,399,451,469,540,562,578,620,628,660,684,726,751,771,809,866,890,912,957,987,1005,1051,1090,1105,1141,1185,1211,1238,1251,1295,1326,1375,1396,1428,1436,1472,1495,1531,
51,, 24,27,69,83,156,165,187,217,283,312,332,386,462,469,540,562,578,620,641,660,684,726,751,771,787,809,845,866,890,935,957,987,1005,1034,1051,1090,1105,1141,1185,1222,1251,1295,1326,1329,1377,1388,1428,1436,1472,1495,1531,
52,, 24,27,69,83,156,165,202,217,283,312,332,359,386,405,462,469,540,562,578,620,636,660,684,726,751,771,787,809,845,862,890,935,947,987,1005,1051,1090,1105,1141,1170,1185,1222,1251,1295,1326,1329,1375,1400,1428,1472,1495,1531,
53,, 24,44,69,165,202,217,283,312,332,359,386,405,462,469,502,540,562,578,636,660,684,706,751,768,787,809,845,866,894,935,948,987,1005,1025,1051,1090,1105,1127,1170,1190,1222,1244,1251,1295,1313,1329,1375,1396,1428,1438,1472,1495,1531,
54,, 20,36,72,92,126,140,176,224,249,265,301,345,411,420,467,470,500,522,551,583,614,632,663,678,723,738,772,786,807,836,876,908,928,951,1004,1018,1055,1089,1106,1128,1149,1172,1198,1236,1257,1291,1315,1337,1401,1422,1452,1464,1495,1534,
55,, 5,42,76,87,139,164,189,230,239,267,315,362,383,404,438,446,472,519,538,551,598,615,645,651,689,711,731,765,792,825,858,869,894,921,937,970,990,1018,1048,1095,1140,1158,1172,1218,1226,1249,1278,1310,1334,1366,1394,1412,1455,1488,1525,
56,, 5,42,76,87,139,164,189,230,239,267,292,315,362,383,404,436,446,472,519,538,551,598,615,645,651,689,711,731,765,792,825,858,869,894,921,937,970,990,1018,1048,1095,1140,1158,1172,1218,1226,1249,1278,1310,1334,1366,1394,1412,1455,1488,1525,
57,, 20,39,63,97,139,177,191,227,252,282,304,319,340,379,404,423,452,479,504,521,569,586,601,627,666,678,704,752,767,784,823,879,893,920,953,970,989,1027,1063,1084,1094,1140,1168,1196,1211,1233,1256,1282,1305,1345,1362,1381,1406,1450,1458,1499,1520,
58,, 20,32,66,98,107,136,169,196,228,252,277,310,319,348,377,406,428,450,488,511,528,569,584,614,650,651,691,703,739,774,783,826,854,863,893,924,961,966,1011,1038,1063,1103,1134,1148,1190,1206,1224,1254,1288,1301,1332,1363,1401,1405,1452,1466,1493,1522,
