29,, 5,37,106,155,175,188,215,320,323,374,402,440,466,498,580,608,659,739,786,880,904,933,963,970,990,1016,1037,1119,1130,
30,, 5,37,106,155,175,188,215,320,323,374,402,440,466,498,580,608,633,659,739,786,880,904,933,963,970,990,1016,1037,1119,1130,
31,, 5,37,106,155,175,188,215,320,323,374,402,440,466,498,533,580,608,633,659,739,786,880,904,933,963,970,990,1016,1037,1119,1130,
32,, 5,37,106,155,175,188,215,268,320,323,374,402,440,466,498,533,580,608,633,659,739,786,880,904,933,963,970,990,1016,1037,1119,1130,
33,, 5,37,72,106,155,175,188,215,268,320,323,374,402,440,466,498,533,580,608,633,659,739,786,880,904,933,963,970,990,1016,1037,1119,1130,
34,, 5,37,72,106,155,175,188,215,268,320,323,374,402,440,466,498,508,533,580,608,633,659,739,786,880,904,933,963,970,990,1016,1037,1119,1130,
35,, 5,37,72,106,155,175,188,215,268,320,323,374,402,440,466,498,508,533,580,608,633,659,739,786,811,880,904,933,963,970,990,1016,1037,1119,1130,
36,, 5,37,72,106,155,175,188,215,268,320,323,374,402,440,466,498,508,533,561,580,608,633,659,739,786,811,880,904,933,963,970,990,1016,1037,1119,1130,
37,, 5,37,72,93,155,175,188,215,268,320,325,374,402,440,466,492,508,533,561,580,608,633,659,739,786,811,880,904,933,963,970,990,1016,1037,1093,1119,1130,
38,, 5,37,72,93,155,175,188,215,268,320,325,379,398,440,480,492,508,533,561,580,608,633,659,674,739,786,811,848,872,880,904,963,970,990,1016,1037,1093,1130,
39,, 5,37,67,72,93,126,155,175,188,215,268,320,325,379,398,431,440,480,492,508,533,561,580,608,633,659,674,714,739,786,811,848,872,880,904,990,1037,1093,1130,
40,, 5,37,67,72,93,126,155,175,188,215,268,320,325,379,398,431,440,480,492,508,533,561,580,608,633,659,674,714,739,786,811,848,872,880,904,990,1014,1037,1093,1130,
41,, 5,37,67,72,107,126,155,175,188,215,268,320,325,379,398,431,447,480,492,508,533,561,580,611,657,674,714,739,786,811,848,872,880,911,951,990,1014,1037,1079,1093,1130,
42,, 5,37,67,72,107,126,155,175,188,215,268,295,320,334,379,431,447,480,508,552,561,580,611,657,674,705,714,750,779,786,811,848,872,880,911,951,994,1014,1037,1079,1093,1130,
43,, 5,37,53,72,107,132,155,175,188,215,268,295,320,334,367,379,412,431,447,480,508,552,561,580,663,674,705,714,750,779,786,811,848,872,880,911,936,951,994,1037,1079,1093,1135,
44,, 5,37,53,72,107,132,155,175,188,215,268,295,320,334,367,379,412,431,447,480,508,552,561,580,663,674,705,714,750,779,786,811,848,872,880,911,936,951,994,1016,1037,1079,1093,1135,
45,, 16,41,53,72,107,120,155,175,187,218,250,254,310,325,367,379,398,457,470,504,508,536,561,580,611,658,674,714,750,770,802,832,874,894,911,925,947,988,1011,1014,1049,1079,1088,1120,1148,
46,, 16,41,53,72,107,120,155,175,187,218,250,254,310,325,367,379,398,457,470,504,508,536,561,580,611,658,674,714,750,770,802,811,832,874,894,911,925,947,988,1011,1014,1049,1079,1088,1120,1148,
47,, 22,41,59,81,95,118,152,181,204,219,232,266,291,311,336,354,372,419,446,479,487,509,541,562,597,600,666,673,695,733,745,775,795,811,844,874,875,907,942,949,999,1030,1053,1079,1101,1118,1139,
48,, 13,42,58,115,117,149,166,199,215,234,258,280,317,325,350,382,408,457,467,489,508,550,572,591,608,638,646,674,705,727,755,775,802,810,841,870,875,912,921,949,978,993,1021,1049,1059,1093,1111,1148,
49,, 5,24,59,78,105,126,148,178,193,208,252,258,281,317,334,352,376,414,419,457,479,488,518,531,573,596,604,638,657,690,711,729,749,763,785,828,854,890,907,925,954,982,999,1014,1055,1063,1100,1119,1150,
50,, 1,40,49,77,112,118,155,178,203,215,253,273,289,320,327,367,376,407,425,446,473,489,519,549,564,581,619,628,646,674,691,728,755,782,804,816,851,869,875,902,931,955,986,1006,1029,1053,1070,1087,1107,1148,
