33,, 27,84,136,175,195,283,311,345,365,397,424,480,549,573,656,756,836,887,914,1004,1029,1043,1072,1141,1146,1174,1199,1263,1298,1407,1440,1465,1487,
34,, 27,84,136,175,195,283,311,345,365,397,424,480,516,549,573,656,756,836,887,914,1004,1029,1043,1072,1141,1146,1174,1199,1263,1298,1407,1440,1465,1487,
35,, 27,84,136,175,195,283,311,345,365,397,424,480,516,549,573,656,756,836,887,914,1004,1029,1043,1072,1141,1146,1174,1199,1230,1263,1298,1407,1440,1465,1487,
36,, 27,84,136,175,195,283,311,345,365,397,424,480,516,549,573,656,701,756,836,887,914,1004,1029,1043,1072,1141,1146,1174,1199,1230,1263,1298,1407,1440,1465,1487,
37,, 27,84,136,175,195,283,311,345,365,397,424,480,516,549,573,656,701,756,836,876,887,914,1004,1029,1043,1072,1141,1146,1174,1199,1230,1263,1298,1407,1440,1465,1487,
38,, 27,84,136,175,195,218,283,311,345,365,397,424,480,516,549,573,656,701,756,836,876,887,914,1004,1029,1043,1072,1141,1146,1174,1199,1230,1263,1298,1407,1440,1465,1487,
39,, 27,84,136,175,195,218,283,311,345,365,397,431,480,516,549,573,646,656,701,756,836,876,887,914,1004,1043,1072,1141,1146,1174,1199,1230,1263,1298,1360,1407,1440,1465,1487,
40,, 27,85,136,175,195,218,283,311,345,365,397,431,480,516,564,573,646,656,701,717,756,836,876,887,914,1004,1043,1072,1141,1146,1174,1199,1230,1263,1298,1360,1407,1440,1465,1487,
41,, 27,85,136,175,195,218,283,311,345,365,397,431,480,516,564,573,646,656,701,717,756,829,836,876,887,914,1004,1043,1072,1141,1146,1174,1199,1230,1263,1298,1360,1407,1440,1465,1487,
42,, 25,27,74,85,136,175,195,218,283,311,365,397,431,480,516,564,573,603,646,656,701,717,756,829,836,876,887,914,1004,1043,1072,1141,1146,1174,1199,1263,1298,1360,1407,1440,1465,1487,
43,, 25,27,74,85,136,175,195,218,283,311,365,397,431,480,516,564,573,603,646,656,701,717,756,806,829,836,876,887,914,1004,1043,1072,1141,1146,1174,1199,1263,1298,1360,1407,1440,1465,1487,
44,, 25,27,63,82,136,158,195,218,283,311,365,397,431,480,516,573,603,656,701,717,756,806,829,836,876,887,914,953,1004,1043,1072,1141,1146,1174,1199,1263,1298,1360,1389,1407,1440,1465,1487,1519,
45,, 25,27,63,82,136,158,195,218,283,311,365,397,431,480,516,573,603,656,701,717,756,806,829,836,876,887,914,953,1004,1043,1072,1101,1141,1146,1174,1199,1263,1298,1360,1389,1407,1440,1465,1487,1519,
46,, 19,27,63,82,136,158,195,218,237,283,311,320,365,397,431,480,524,573,603,701,717,756,806,829,876,887,916,953,1004,1038,1043,1072,1101,1141,1146,1174,1199,1263,1298,1360,1389,1407,1440,1465,1487,1519,
47,, 19,27,63,82,136,158,195,223,237,283,311,320,365,397,431,480,524,573,603,701,717,756,806,829,844,876,887,916,953,1004,1038,1043,1072,1101,1141,1146,1174,1199,1263,1298,1360,1401,1407,1440,1465,1487,1519,
48,, 19,41,63,82,136,158,195,223,237,283,311,320,365,397,431,480,524,573,603,701,717,739,756,806,829,844,876,887,916,953,1004,1038,1043,1101,1141,1146,1174,1199,1247,1263,1298,1360,1401,1407,1440,1465,1487,1519,
49,, 19,41,63,82,136,158,195,223,237,283,311,320,365,397,431,480,524,573,603,701,717,739,756,806,829,844,876,887,916,953,1004,1038,1043,1092,1101,1141,1146,1174,1199,1247,1263,1298,1360,1401,1407,1440,1465,1487,1519,
50,, 19,41,63,82,130,136,158,195,223,283,311,320,365,397,431,480,524,573,603,666,701,717,739,756,806,829,844,876,887,916,953,1004,1038,1043,1092,1101,1141,1146,1178,1199,1247,1260,1298,1360,1401,1407,1440,1465,1487,1519,
51,, 19,41,63,82,130,136,158,195,218,252,283,311,327,357,369,392,425,451,494,524,565,573,611,666,677,717,739,763,806,829,833,908,916,953,1004,1038,1060,1089,1101,1121,1152,1180,1199,1260,1285,1337,1369,1401,1426,1465,1525,
52,, 19,41,63,130,136,175,195,218,252,283,311,327,357,369,392,425,454,494,524,571,573,614,666,689,717,737,768,806,829,841,880,908,916,953,1002,1038,1060,1089,1096,1128,1152,1180,1199,1253,1285,1337,1369,1401,1426,1450,1462,1525,
53,, 19,41,63,130,136,175,195,218,252,283,311,327,357,369,392,425,454,494,524,559,573,614,666,696,717,737,779,806,829,841,880,907,916,953,1002,1038,1060,1085,1096,1120,1152,1179,1199,1253,1285,1337,1372,1401,1422,1450,1462,1487,1525,
54,, 19,44,69,90,118,173,190,223,235,264,288,324,339,388,410,423,468,479,514,537,549,597,599,649,651,700,717,731,773,795,815,853,863,902,911,943,991,1016,1049,1072,1113,1134,1160,1187,1220,1259,1278,1368,1399,1430,1446,1468,1501,1518,
55,, 10,33,77,98,116,138,182,195,224,259,286,304,335,344,385,394,441,468,476,515,552,595,606,632,655,688,742,762,799,824,844,877,885,919,951,982,1006,1017,1064,1086,1100,1140,1147,1195,1216,1231,1257,1275,1359,1385,1413,1446,1458,1503,1510,
56,, 22,41,55,85,115,153,161,190,214,242,283,324,362,378,410,423,454,493,516,541,567,583,600,648,665,677,727,748,773,783,828,840,876,892,927,950,965,992,1042,1072,1117,1143,1157,1188,1200,1227,1256,1275,1345,1368,1404,1419,1434,1465,1492,1515,
57,, 22,41,55,85,115,153,161,190,214,257,283,324,362,377,410,423,454,493,516,541,567,583,600,648,665,677,727,748,773,783,826,840,876,900,927,950,965,992,1028,1042,1073,1117,1143,1157,1188,1215,1227,1256,1275,1345,1368,1404,1427,1434,1465,1492,1515,
58,, 21,44,55,89,108,138,165,190,215,251,283,309,330,340,377,397,437,462,470,510,543,556,593,599,628,672,692,720,731,780,795,818,858,871,908,953,965,1007,1033,1059,1079,1096,1143,1160,1196,1203,1247,1253,1298,1309,1339,1362,1403,1408,1454,1460,1487,1518,
