32,, 17,30,52,121,140,176,201,228,255,284,331,403,431,457,512,529,581,605,666,683,744,759,778,820,879,966,988,1003,1031,1069,1154,1302,
33,, 17,30,52,121,140,176,201,228,255,284,331,403,431,457,512,529,581,605,666,683,744,759,778,820,879,966,988,1003,1031,1069,1140,1154,1302,
34,, 17,30,52,121,140,176,201,228,255,284,331,403,431,457,512,529,581,605,666,683,744,759,778,820,874,879,966,988,1003,1031,1069,1140,1154,1302,
35,, 17,30,52,121,140,176,201,228,255,284,331,403,431,457,512,529,581,605,666,683,744,759,778,820,874,879,966,988,1003,1031,1069,1140,1154,1302,1345,
36,, 17,30,52,121,140,176,201,228,255,284,331,403,431,457,512,529,581,605,666,683,709,744,759,778,820,874,879,966,988,1003,1031,1069,1140,1154,1302,1345,
37,, 17,30,52,121,140,176,201,228,255,284,331,403,431,457,512,529,581,605,666,683,709,744,759,778,820,874,879,966,988,1003,1031,1069,1114,1140,1154,1302,1345,
38,, 17,30,52,97,121,140,176,201,228,255,284,331,403,431,457,512,529,581,605,666,683,709,744,759,778,820,874,879,966,988,1003,1031,1069,1114,1140,1154,1302,1345,
39,, 17,30,52,97,140,176,201,240,255,284,399,403,431,466,512,529,575,581,605,666,683,709,744,759,820,874,879,966,988,1003,1031,1069,1114,1140,1154,1217,1302,1345,1385,
40,, 17,30,52,97,140,176,201,240,255,284,342,399,403,431,466,512,529,575,581,605,666,683,709,744,759,820,874,879,966,988,1003,1031,1069,1114,1140,1154,1217,1302,1345,1385,
41,, 17,30,52,97,121,140,176,201,240,255,284,339,399,403,431,466,512,529,570,581,605,666,683,709,744,759,820,874,879,966,988,1003,1031,1069,1114,1140,1154,1217,1302,1345,1385,
42,, 17,30,52,97,121,140,176,201,240,255,284,339,399,404,431,466,512,529,561,581,605,666,683,709,734,759,820,874,879,950,966,982,1003,1031,1069,1102,1140,1154,1217,1302,1345,1385,
43,, 7,30,52,95,133,176,201,240,255,284,373,399,401,431,512,529,561,581,627,666,683,709,734,759,820,874,879,950,966,982,1003,1031,1057,1102,1135,1156,1178,1217,1241,1302,1345,1365,1385,
44,, 7,30,52,95,133,170,176,201,240,255,284,340,373,399,401,433,512,529,568,581,627,666,683,709,734,759,820,848,874,936,958,982,1031,1057,1102,1150,1156,1178,1217,1241,1302,1345,1365,1379,
45,, 7,30,52,95,133,170,176,201,240,255,284,340,373,399,401,433,512,529,568,581,617,627,666,683,709,734,759,820,848,874,936,958,982,1031,1057,1102,1150,1156,1178,1217,1241,1302,1345,1365,1379,
46,, 7,30,52,95,133,176,201,240,261,284,340,373,381,401,433,512,529,568,581,617,627,666,683,734,759,795,820,848,874,882,936,958,982,1012,1031,1057,1102,1150,1156,1178,1217,1241,1302,1345,1365,1379,
47,, 7,30,52,95,124,135,162,176,201,240,261,284,308,350,373,381,401,512,529,568,581,616,627,666,683,734,759,795,820,848,874,882,936,955,982,1012,1031,1057,1102,1156,1178,1217,1229,1302,1345,1365,1380,
48,, 7,30,52,100,124,135,162,176,240,261,284,350,373,381,401,431,501,572,581,616,629,666,683,734,759,795,820,848,874,882,914,936,955,982,1012,1031,1057,1103,1147,1160,1178,1217,1229,1252,1302,1345,1365,1380,
49,, 7,31,93,124,145,162,176,213,229,264,284,331,373,401,428,453,495,504,550,558,581,623,672,694,713,734,768,820,826,862,882,914,936,970,982,1035,1053,1087,1116,1145,1173,1176,1217,1252,1281,1301,1345,1365,1399,
50,, 7,48,64,100,135,162,198,209,240,261,300,331,373,381,425,428,475,504,537,569,581,620,629,666,690,729,762,785,814,848,874,879,914,942,954,997,1013,1041,1066,1103,1145,1173,1177,1217,1229,1252,1318,1332,1373,1387,
51,, 20,27,73,93,105,138,174,176,221,235,257,284,325,341,371,397,416,441,455,481,514,535,557,589,622,649,669,679,705,731,758,777,817,846,863,891,943,952,978,1014,1058,1117,1142,1156,1196,1239,1251,1279,1316,1347,1362,
52,, 10,30,57,99,124,133,159,198,211,229,265,278,319,336,357,383,421,434,487,516,536,564,577,606,647,674,685,703,745,756,797,806,840,862,879,930,960,981,1008,1037,1061,1076,1111,1135,1175,1189,1228,1266,1314,1338,1365,1387,
53,, 14,49,57,79,118,129,159,180,203,231,272,288,333,358,384,421,427,490,520,538,572,592,606,649,674,691,715,730,760,788,805,846,862,878,908,935,951,995,1006,1028,1058,1111,1139,1168,1196,1206,1232,1274,1287,1320,1333,1365,1387,
54,, 4,42,62,82,121,149,153,185,243,255,286,325,342,361,404,445,452,479,513,534,557,590,612,647,668,680,724,737,756,782,824,848,862,880,918,929,974,987,1017,1033,1059,1094,1109,1135,1174,1198,1206,1249,1260,1290,1310,1349,1352,1394,
55,, 4,42,62,82,121,149,153,193,224,243,255,286,325,342,361,404,445,452,479,513,534,557,590,612,647,668,680,724,737,756,782,820,848,854,880,918,929,974,987,1017,1042,1059,1094,1109,1139,1174,1198,1206,1249,1260,1290,1321,1349,1368,1398,
