39,, 14,33,86,113,161,244,266,344,366,438,473,498,532,565,585,602,642,670,711,732,755,817,855,861,886,911,940,1039,1052,1102,1130,1166,1175,1208,1284,1321,1479,1485,1509,
40,, 14,33,86,113,161,244,266,344,366,438,473,498,532,565,585,602,642,670,711,732,755,817,855,861,886,911,940,1039,1052,1102,1130,1166,1175,1208,1284,1321,1394,1479,1485,1509,
41,, 14,38,89,113,161,244,266,344,366,438,473,498,532,565,585,602,642,670,711,732,755,817,855,861,886,911,940,1039,1052,1102,1130,1166,1175,1208,1284,1321,1348,1394,1447,1479,1509,
42,, 14,38,89,129,161,244,320,344,366,407,438,473,498,524,565,585,602,642,670,696,711,732,755,805,817,855,861,886,911,1039,1052,1102,1166,1175,1208,1284,1321,1348,1368,1394,1447,1509,
43,, 14,38,89,129,161,244,320,344,366,407,438,473,498,524,565,585,602,642,670,696,711,732,755,805,817,855,861,886,911,1039,1052,1102,1133,1166,1175,1208,1284,1321,1348,1368,1394,1447,1509,
44,, 14,38,54,89,129,244,320,344,369,407,438,473,498,524,565,585,602,642,670,696,711,732,755,805,817,855,861,886,911,1039,1052,1102,1133,1166,1175,1208,1284,1321,1348,1368,1428,1447,1508,1509,
45,, 38,54,89,129,213,244,320,344,369,407,438,473,498,524,565,585,602,642,670,696,711,732,755,805,817,855,861,886,911,1039,1052,1109,1133,1166,1175,1208,1284,1321,1348,1368,1403,1428,1447,1508,1509,
46,, 24,38,54,89,129,213,244,320,344,369,407,438,473,498,524,565,585,602,642,670,696,711,732,755,805,817,855,861,886,911,1039,1052,1109,1133,1166,1175,1208,1284,1321,1348,1368,1403,1428,1447,1508,1509,
47,, 24,43,54,89,129,187,244,320,344,369,407,438,454,494,498,524,571,642,670,696,711,732,755,805,817,855,861,886,911,976,1028,1045,1082,1109,1133,1166,1174,1208,1246,1284,1321,1348,1379,1447,1459,1508,1509,
48,, 17,43,54,92,105,139,187,244,311,344,369,407,438,454,493,498,524,559,590,608,645,670,702,711,732,760,805,817,855,861,886,933,976,1028,1045,1082,1101,1166,1174,1197,1236,1291,1321,1342,1355,1389,1438,1495,
49,, 23,43,54,92,105,180,187,244,311,320,344,385,407,438,454,493,498,524,549,590,608,645,669,702,728,732,760,805,817,855,861,886,944,976,1028,1045,1082,1101,1145,1182,1197,1236,1321,1342,1355,1389,1438,1495,1521,
50,, 27,62,87,115,137,161,194,220,244,285,344,366,416,422,473,498,524,565,595,612,645,715,743,755,803,820,855,872,907,911,940,986,1002,1039,1052,1068,1136,1153,1178,1243,1265,1284,1321,1347,1402,1405,1447,1465,1495,1509,
51,, 6,49,76,93,122,141,170,194,220,267,298,344,366,416,457,473,520,563,574,612,645,660,684,718,743,755,820,844,876,892,911,940,965,1002,1039,1059,1068,1117,1127,1167,1188,1218,1243,1284,1318,1402,1405,1441,1459,1493,1509,
52,, 15,45,76,94,115,141,169,185,220,267,299,344,366,395,429,460,473,496,522,559,580,620,645,669,684,720,736,769,797,820,845,923,943,965,991,1035,1059,1071,1110,1143,1152,1177,1238,1273,1284,1320,1364,1402,1405,1435,1467,1493,
53,, 22,44,65,82,110,142,168,196,232,242,289,336,350,372,391,420,455,473,507,533,554,583,613,633,663,684,723,739,768,794,858,881,900,929,945,984,1003,1039,1064,1095,1134,1145,1186,1206,1242,1273,1312,1340,1389,1409,1449,1500,1530,
54,, 22,44,65,82,110,142,168,196,232,242,289,328,350,372,420,455,473,507,533,554,583,610,633,663,684,723,739,768,794,814,858,881,900,929,945,984,1003,1039,1058,1095,1134,1145,1186,1206,1242,1273,1312,1340,1389,1409,1449,1459,1500,1530,
55,, 3,27,65,96,116,164,187,232,244,270,309,322,342,378,413,419,445,484,516,537,554,594,604,634,660,699,726,746,768,784,820,855,875,886,917,958,985,990,1024,1043,1071,1105,1119,1167,1194,1236,1260,1279,1305,1355,1383,1413,1450,1481,1500,
56,, 26,36,88,113,164,189,211,280,301,334,351,387,401,432,460,475,500,544,570,575,600,650,663,685,712,747,771,799,818,850,870,890,931,957,986,1014,1035,1054,1090,1114,1140,1147,1193,1222,1244,1269,1286,1326,1347,1365,1399,1413,1455,1461,1494,1531,
57,, 13,48,63,101,113,136,176,192,255,265,310,331,361,385,395,420,454,486,505,534,569,594,607,646,653,678,723,750,766,786,826,855,860,897,911,953,984,1005,1026,1060,1083,1116,1140,1156,1178,1214,1245,1266,1280,1320,1369,1401,1408,1454,1472,1505,1534,
58,, 23,34,57,102,127,156,169,198,213,257,275,287,325,364,383,413,428,445,482,507,531,570,581,605,628,660,693,706,752,755,793,814,850,872,898,929,954,970,1008,1023,1057,1090,1106,1137,1151,1172,1208,1244,1272,1296,1323,1337,1376,1385,1408,1456,1466,1502,
