34,, 3,37,63,86,126,148,180,194,253,294,314,343,399,426,498,510,529,553,631,680,701,773,822,843,897,954,972,1027,1051,1078,1091,1173,1183,1205,
35,, 3,37,63,86,126,148,180,194,253,294,314,343,378,399,426,498,510,529,553,631,680,701,773,822,843,897,954,972,1027,1051,1078,1091,1173,1183,1205,
36,, 3,37,63,86,126,148,180,194,253,294,314,343,378,399,426,498,510,529,553,631,660,680,701,773,822,843,897,954,972,1027,1051,1078,1091,1173,1183,1205,
37,, 3,37,63,86,126,148,180,194,228,253,294,314,343,378,399,426,498,510,529,553,631,660,680,701,773,822,843,897,954,972,1027,1051,1078,1091,1173,1183,1205,
38,, 3,37,63,86,126,148,180,194,228,253,294,314,343,378,399,426,498,510,529,553,631,660,680,701,732,773,822,843,897,954,972,1027,1051,1078,1091,1173,1183,1205,
39,, 3,37,63,86,126,148,180,194,228,253,294,314,343,378,399,426,498,510,529,553,620,631,660,680,701,732,773,822,843,897,954,972,1027,1051,1078,1091,1173,1183,1205,
40,, 3,37,63,86,126,148,180,194,228,253,294,314,343,378,399,426,498,510,529,553,620,631,660,680,701,732,773,822,843,897,954,972,1027,1051,1078,1091,1173,1183,1205,1238,
41,, 3,37,63,86,126,148,180,194,228,253,269,294,314,343,378,399,426,498,510,529,553,620,631,660,680,701,732,773,822,843,897,954,972,1027,1051,1078,1091,1173,1183,1205,1238,
42,, 3,38,63,86,126,148,180,194,228,253,269,294,314,343,399,428,498,510,529,562,620,631,660,680,701,732,773,828,843,897,916,954,972,1027,1051,1078,1091,1119,1173,1183,1205,1238,
43,, 3,38,63,86,126,148,181,194,228,256,269,294,314,343,399,428,498,510,529,562,620,631,660,680,701,732,773,797,828,843,897,916,954,971,1027,1051,1078,1091,1119,1173,1180,1205,1238,
44,, 9,38,63,86,126,148,181,194,228,256,269,305,319,343,399,428,444,498,510,532,560,620,631,660,680,701,744,773,797,828,843,897,916,954,971,1027,1051,1078,1091,1119,1173,1180,1205,1238,
45,, 33,63,86,101,126,163,181,194,227,256,269,303,319,343,398,428,444,459,498,510,532,560,620,629,661,680,701,744,769,797,828,843,897,916,954,971,1027,1051,1078,1091,1119,1179,1205,1238,1255,
46,, 8,34,63,86,101,136,162,181,194,238,303,319,343,378,398,415,444,459,498,513,533,560,585,617,629,661,680,701,744,788,797,825,843,875,897,954,1027,1051,1078,1091,1119,1146,1179,1205,1238,1255,
47,, 3,34,63,90,101,136,162,175,194,227,252,283,290,314,343,365,398,444,459,498,513,532,560,585,617,647,660,684,701,744,788,797,828,863,875,893,954,963,985,1027,1051,1078,1119,1146,1191,1205,1255,
48,, 3,34,63,90,101,138,162,175,194,227,252,283,290,314,351,365,398,419,444,459,498,513,532,560,585,601,634,660,687,701,744,788,797,828,843,875,893,925,954,963,985,1027,1051,1078,1146,1179,1205,1255,
49,, 3,34,63,90,101,138,162,188,194,238,252,283,290,332,343,365,398,421,444,459,498,510,532,560,585,604,634,660,687,701,744,788,797,828,843,882,893,925,954,963,985,1027,1051,1078,1119,1146,1179,1205,1255,
50,, 1,27,56,76,103,124,156,183,208,230,253,272,301,322,370,407,431,449,476,501,513,545,563,583,619,643,670,688,700,739,753,773,807,840,845,907,929,939,965,1003,1024,1049,1061,1092,1117,1144,1166,1214,1244,1251,
51,, 3,32,60,83,120,141,157,179,195,225,248,284,295,330,346,375,407,424,450,474,496,515,548,571,618,637,657,688,711,735,759,779,808,819,853,876,900,931,939,964,1020,1055,1073,1096,1110,1131,1157,1198,1215,1246,1253,
52,, 17,48,63,83,103,141,165,174,209,234,264,273,295,331,346,361,408,419,435,478,482,526,536,561,588,620,638,656,678,703,725,759,781,807,830,859,876,893,926,949,969,1002,1023,1055,1078,1096,1120,1139,1154,1202,1241,1255,
