35,, 13,61,81,101,131,155,183,274,283,311,404,444,454,476,511,550,579,667,681,726,756,778,843,870,880,927,955,981,1017,1138,1188,1272,1316,1360,1392,
36,, 13,61,81,101,131,155,183,274,283,311,404,444,454,476,511,550,579,667,681,726,756,778,843,870,880,927,955,981,1017,1108,1138,1188,1272,1316,1360,1392,
37,, 13,61,81,101,131,155,183,274,283,311,404,444,454,476,511,550,579,667,681,726,756,778,843,870,880,927,955,981,1017,1085,1108,1138,1188,1272,1316,1360,1392,
38,, 13,61,81,101,131,155,183,274,283,311,404,444,454,476,511,550,579,667,681,726,756,778,843,870,880,927,955,981,1017,1051,1085,1108,1138,1188,1272,1316,1360,1392,
39,, 13,61,81,101,131,155,183,274,283,311,404,444,454,476,511,550,579,667,681,726,756,778,843,870,880,915,927,955,981,1017,1051,1085,1108,1138,1188,1272,1316,1360,1392,
40,, 13,61,81,101,131,155,183,283,311,404,444,454,476,511,579,623,629,667,681,726,756,778,843,870,880,915,927,955,981,1017,1051,1085,1108,1138,1188,1203,1272,1303,1360,1392,
41,, 16,61,90,101,131,155,183,283,311,404,444,454,476,511,579,623,629,667,681,726,756,778,843,870,880,915,927,955,981,1017,1051,1085,1108,1138,1188,1203,1272,1286,1303,1360,1392,
42,, 16,61,90,101,131,155,183,271,283,311,404,444,454,476,511,579,623,629,667,681,726,756,778,843,870,880,915,927,955,981,1017,1051,1085,1108,1138,1188,1203,1272,1286,1303,1360,1392,
43,, 16,61,90,101,131,155,183,244,271,283,313,404,444,454,493,511,579,623,629,667,700,726,756,778,843,870,880,915,927,955,981,1017,1051,1085,1108,1138,1188,1203,1272,1286,1303,1360,1392,
44,, 16,61,90,101,143,155,183,238,271,283,313,407,444,454,493,511,582,623,629,700,708,726,756,778,843,870,880,915,927,955,1017,1028,1051,1085,1108,1138,1168,1177,1218,1251,1286,1303,1360,1398,
45,, 16,61,90,101,143,155,183,238,271,283,313,407,444,454,493,511,582,623,629,700,709,726,756,778,843,870,880,915,927,955,985,1017,1028,1051,1085,1108,1138,1168,1177,1218,1251,1286,1303,1360,1398,
46,, 17,61,77,101,143,175,183,217,235,262,287,313,329,387,407,429,454,489,523,591,605,629,671,712,773,778,816,845,870,922,944,974,985,1019,1028,1051,1085,1108,1127,1151,1182,1218,1251,1348,1356,1397,
47,, 17,61,77,101,143,175,183,217,235,262,287,313,329,387,407,429,454,489,523,531,591,605,629,671,712,773,778,816,845,870,922,944,974,985,1019,1028,1051,1085,1108,1127,1151,1182,1218,1251,1348,1356,1397,
48,, 2,61,77,101,143,175,178,217,235,262,287,313,329,387,418,454,523,531,558,591,605,666,682,712,773,778,816,845,872,897,922,944,974,979,1019,1028,1051,1085,1108,1127,1151,1182,1213,1237,1251,1348,1356,1386,
49,, 2,61,92,101,143,175,178,217,235,262,287,313,329,387,418,454,487,523,531,558,591,605,666,678,712,773,778,816,845,872,897,922,944,974,979,1019,1028,1051,1085,1108,1127,1151,1182,1213,1237,1251,1348,1356,1386,
50,, 2,61,99,121,135,175,196,217,235,262,287,313,329,387,418,433,454,487,523,531,558,600,605,666,678,712,773,778,816,845,872,897,922,944,974,979,1024,1028,1051,1085,1108,1127,1151,1182,1213,1237,1251,1348,1371,1386,
51,, 23,35,63,92,103,139,158,176,210,230,269,299,315,331,378,406,438,454,489,516,538,552,586,605,659,699,716,748,770,790,816,837,852,887,914,938,960,987,1010,1061,1091,1101,1148,1202,1237,1251,1286,1305,1329,1360,1384,
52,, 7,45,63,95,130,153,189,208,241,260,280,367,380,411,454,476,522,537,556,580,610,634,651,688,707,742,762,782,808,838,866,887,914,942,967,990,1001,1033,1065,1087,1108,1146,1170,1181,1209,1246,1256,1289,1309,1329,1365,1377,
53,, 6,34,63,98,103,133,168,176,210,230,273,299,315,390,406,438,454,479,505,538,552,597,615,633,670,699,716,748,755,786,816,846,852,887,905,938,960,987,1010,1039,1061,1091,1101,1148,1174,1202,1237,1251,1286,1309,1329,1369,1397,
54,, 16,30,73,93,103,135,164,191,205,226,260,292,315,342,362,399,424,433,469,486,501,549,564,596,603,647,672,696,712,738,799,822,828,856,886,905,938,954,984,1003,1044,1070,1082,1141,1159,1191,1218,1242,1259,1295,1319,1337,1373,1382,
55,, 22,66,85,124,148,162,192,203,247,275,298,319,328,352,377,417,441,469,492,523,549,560,586,621,627,662,679,713,729,759,792,820,836,863,877,908,938,955,994,1017,1049,1071,1082,1113,1135,1174,1197,1225,1249,1252,1277,1319,1334,1372,1397,
