33,, 21,58,78,110,131,211,229,285,355,393,491,512,526,580,628,693,706,755,833,855,878,934,1032,1059,1105,1131,1183,1202,1261,1283,1320,1352,1376,
34,, 21,58,78,110,131,211,229,285,344,355,393,491,512,526,580,628,693,706,755,833,855,878,934,1032,1059,1105,1131,1183,1202,1261,1283,1320,1352,1376,
35,, 21,37,58,78,110,131,211,229,285,344,355,393,491,512,526,580,628,693,706,755,833,855,878,934,1032,1059,1105,1131,1183,1202,1261,1283,1320,1352,1376,
36,, 21,37,58,78,110,131,211,229,285,344,355,393,491,512,526,580,628,693,706,755,833,855,878,934,1032,1059,1099,1105,1131,1183,1202,1261,1283,1320,1352,1376,
37,, 21,37,58,78,110,131,211,229,285,344,355,393,491,512,526,580,610,630,693,706,755,833,855,878,934,1032,1059,1099,1131,1183,1202,1237,1261,1283,1320,1352,1376,
38,, 21,37,58,78,110,131,211,229,285,344,355,393,491,512,526,580,610,630,693,706,755,833,855,878,934,1032,1059,1099,1122,1131,1183,1202,1237,1261,1283,1320,1352,1376,
39,, 21,37,58,78,110,131,211,229,285,344,355,393,403,491,512,526,562,590,610,630,693,706,755,833,855,878,934,1032,1059,1099,1122,1183,1202,1237,1261,1283,1320,1352,1376,
40,, 21,37,58,78,110,131,211,229,285,344,355,393,403,491,512,526,562,590,610,630,693,706,755,833,855,878,934,1032,1059,1099,1122,1147,1183,1202,1237,1261,1283,1320,1352,1376,
41,, 21,37,58,78,110,131,211,229,285,344,355,393,403,494,512,528,562,590,614,630,693,706,755,833,855,878,934,1004,1032,1059,1099,1122,1147,1183,1202,1237,1261,1283,1320,1340,1376,
42,, 21,37,58,78,110,131,211,229,285,344,355,393,403,494,512,528,562,590,614,630,693,706,755,833,855,878,934,1004,1032,1059,1099,1122,1147,1183,1202,1237,1261,1283,1320,1340,1366,1376,
43,, 21,37,58,78,110,131,152,211,229,285,344,355,393,403,494,512,528,562,590,614,630,693,706,755,821,833,878,934,1004,1032,1059,1099,1122,1147,1183,1202,1237,1265,1283,1320,1340,1366,1376,
44,, 21,37,58,78,110,131,152,211,229,285,374,393,403,494,512,528,562,590,614,630,693,706,755,785,821,833,857,878,934,981,1004,1032,1059,1099,1122,1147,1183,1202,1237,1265,1320,1340,1366,1376,
45,, 21,37,58,78,110,131,152,211,229,285,311,374,393,403,494,512,528,562,590,614,630,675,693,706,738,763,785,821,833,857,878,934,981,1032,1059,1099,1122,1144,1178,1237,1296,1318,1340,1366,1376,
46,, 21,37,58,78,110,131,152,211,229,285,311,374,393,403,494,512,528,562,590,614,630,675,693,706,738,763,785,821,833,857,878,934,981,1032,1059,1099,1122,1144,1178,1237,1257,1296,1318,1340,1366,1376,
47,, 21,37,58,78,110,131,200,210,229,293,311,374,393,403,442,480,512,528,562,597,614,649,675,693,706,738,763,785,821,831,857,878,934,981,1032,1059,1099,1122,1144,1178,1213,1257,1296,1301,1340,1374,1376,
48,, 21,37,73,97,110,130,152,188,211,245,269,287,311,344,374,403,438,494,507,528,571,589,630,675,700,706,741,755,821,842,854,878,926,995,1039,1062,1093,1122,1129,1157,1191,1210,1237,1296,1318,1340,1366,1376,
49,, 21,37,73,97,110,130,152,188,211,245,269,287,311,344,374,378,403,438,494,507,528,571,589,630,675,700,706,741,755,821,842,854,878,926,995,1039,1062,1093,1122,1129,1157,1191,1210,1237,1296,1318,1340,1366,1376,
50,, 21,37,73,97,110,130,152,188,211,245,269,285,311,344,374,378,403,438,494,507,528,571,589,630,675,700,706,741,755,784,821,842,854,878,926,995,1039,1062,1093,1122,1129,1157,1191,1210,1237,1284,1318,1340,1366,1376,
51,, 13,49,72,83,114,132,163,194,237,280,304,329,368,386,414,434,474,487,506,548,563,588,623,630,662,687,706,730,756,787,804,849,873,890,938,977,1007,1036,1054,1085,1123,1135,1155,1183,1221,1253,1276,1317,1331,1354,1378,
52,, 19,42,54,91,110,148,188,215,249,265,295,317,341,364,396,414,434,470,491,504,568,596,621,647,662,725,745,756,794,803,839,868,880,903,934,969,982,1043,1052,1089,1104,1143,1155,1191,1225,1230,1269,1297,1307,1328,1352,1377,
53,, 7,26,54,85,105,145,168,184,202,247,275,290,316,349,355,388,407,429,468,490,517,550,573,596,619,628,671,692,739,754,789,811,844,861,887,949,981,1024,1035,1065,1082,1117,1139,1155,1182,1218,1247,1260,1276,1320,1337,1368,1387,
54,, 19,48,72,98,121,128,163,179,202,245,273,280,308,327,370,394,402,428,459,499,514,536,575,598,648,667,703,742,771,799,807,843,853,879,914,936,975,988,1020,1032,1071,1076,1121,1140,1156,1188,1203,1231,1258,1299,1325,1326,1352,1393,
55,, 6,43,72,78,118,146,168,203,226,253,276,301,347,368,377,407,449,469,480,507,548,566,588,619,642,663,693,712,740,751,794,819,847,867,880,910,944,970,978,1021,1042,1071,1088,1101,1130,1172,1188,1221,1231,1256,1298,1322,1347,1352,1396,
