37,, 40,86,119,131,154,183,220,268,280,356,407,442,451,488,504,552,589,603,628,676,751,814,875,912,929,960,1017,1034,1070,1079,1113,1144,1162,1222,1291,1337,1380,
38,, 40,86,119,131,154,183,220,268,280,356,407,442,451,488,504,552,589,603,628,676,751,814,850,875,912,929,960,1017,1034,1070,1079,1113,1144,1162,1222,1291,1337,1380,
39,, 40,86,119,131,154,183,220,268,280,356,407,442,451,488,504,552,589,603,628,676,751,814,850,875,912,929,960,1017,1034,1070,1079,1113,1144,1162,1222,1291,1337,1363,1380,
40,, 40,86,119,131,154,183,220,268,280,356,407,442,451,488,504,552,589,603,628,675,676,751,814,850,875,912,929,960,1017,1034,1070,1079,1113,1144,1162,1222,1291,1337,1363,1380,
41,, 40,86,119,131,154,220,268,289,319,331,407,442,488,504,552,589,603,628,675,676,709,751,814,850,875,912,929,960,1017,1034,1070,1079,1113,1144,1162,1198,1222,1291,1318,1337,1363,
42,, 40,86,119,131,154,220,268,289,319,331,367,407,442,488,504,552,589,603,628,675,676,709,751,814,850,875,912,929,960,1017,1034,1070,1079,1113,1144,1162,1198,1222,1291,1318,1337,1363,
43,, 40,86,119,131,154,220,268,289,319,356,407,442,464,488,504,552,589,603,628,675,687,730,751,814,850,875,912,929,960,1017,1070,1086,1113,1144,1162,1194,1222,1272,1291,1318,1337,1363,1380,
44,, 1,40,74,86,119,131,155,177,220,265,289,311,331,407,464,488,514,530,589,628,675,687,730,751,814,850,875,890,912,929,1017,1070,1086,1113,1144,1162,1194,1222,1272,1291,1318,1337,1363,1380,
45,, 1,40,74,86,119,131,155,177,220,265,289,311,331,407,464,488,514,530,569,589,628,675,687,730,751,814,850,875,890,912,929,1017,1070,1086,1113,1144,1162,1194,1222,1272,1291,1318,1337,1363,1380,
46,, 1,40,74,86,119,131,155,177,220,265,289,311,331,407,464,488,514,530,569,589,608,628,675,687,730,751,814,850,875,890,912,929,1017,1070,1086,1113,1144,1162,1194,1222,1272,1291,1318,1337,1363,1380,
47,, 1,40,74,86,119,131,155,177,220,233,265,289,311,331,407,464,488,514,530,569,589,608,628,675,687,730,751,814,850,875,890,912,929,1017,1034,1070,1086,1113,1144,1162,1183,1222,1291,1318,1337,1363,1380,
48,, 1,40,74,86,119,131,155,184,220,233,265,289,311,331,407,464,488,514,530,569,589,608,628,675,687,730,751,807,850,875,890,912,929,1017,1034,1070,1086,1113,1144,1162,1183,1222,1270,1291,1318,1337,1363,1380,
49,, 9,30,68,85,119,130,156,184,223,248,265,293,311,331,397,416,456,488,514,531,570,594,610,645,675,688,737,767,820,875,887,919,930,970,991,1017,1034,1072,1092,1105,1132,1168,1177,1218,1273,1278,1337,1363,1388,
50,, 1,40,74,86,119,131,155,184,220,233,269,289,311,334,352,407,449,464,488,514,530,569,587,608,628,675,687,730,751,807,850,869,890,912,929,954,1017,1034,1070,1086,1113,1144,1156,1183,1218,1270,1291,1337,1363,1380,
51,, 9,30,68,86,119,137,165,184,220,232,254,300,311,363,393,416,440,456,496,514,531,570,592,617,632,665,687,740,768,825,850,875,887,919,930,960,991,1017,1034,1072,1092,1124,1132,1167,1223,1247,1299,1314,1337,1363,1388,
52,, 11,31,75,99,122,136,167,224,229,255,286,308,339,356,398,402,444,470,499,503,539,574,587,623,636,651,679,706,728,762,780,810,830,858,894,922,945,956,997,1011,1037,1054,1078,1110,1126,1162,1181,1207,1250,1272,1278,1338,
53,, 11,36,54,98,108,135,171,184,205,250,266,281,314,341,356,383,420,448,466,495,501,546,564,577,617,636,675,682,721,743,751,786,822,850,851,877,905,940,951,991,1001,1030,1068,1138,1171,1211,1240,1266,1276,1302,1329,1363,1377,
54,, 12,41,74,89,123,131,170,184,209,233,251,296,314,332,369,399,419,430,462,500,513,540,558,580,610,628,672,688,713,740,767,800,805,843,857,900,907,945,956,1019,1030,1068,1100,1119,1145,1168,1199,1219,1229,1266,1294,1330,1375,1394,
55,, 11,43,54,81,121,126,169,177,217,241,254,278,302,348,356,397,425,430,458,480,510,541,564,594,603,650,652,691,717,744,774,791,810,839,857,878,904,946,974,976,1006,1037,1058,1087,1113,1131,1165,1176,1202,1236,1251,1282,1350,1354,1389,
