33,, 24,37,51,77,155,185,195,225,243,295,318,344,386,412,433,483,514,563,586,722,747,841,897,914,957,979,1011,1046,1066,1106,1136,1189,1253,
34,, 24,37,51,77,114,155,185,195,225,243,295,318,344,386,412,433,483,514,563,586,722,747,841,897,914,957,979,1011,1046,1066,1106,1136,1189,1253,
35,, 24,37,51,77,114,155,185,195,225,243,295,318,344,386,412,433,483,514,563,586,722,747,841,897,914,957,979,1011,1046,1066,1106,1136,1165,1189,1253,
36,, 24,37,51,77,114,155,185,195,225,243,295,318,344,386,412,433,483,514,563,586,722,747,841,897,914,957,979,994,1011,1046,1066,1106,1136,1165,1189,1253,
37,, 24,37,51,77,114,155,185,195,225,243,295,318,344,386,412,433,483,514,563,586,642,722,747,841,897,914,957,979,994,1011,1046,1066,1106,1136,1165,1189,1253,
38,, 24,37,51,77,114,155,185,195,225,243,295,318,344,386,412,433,483,514,563,586,642,722,747,841,897,914,957,979,994,1011,1046,1066,1106,1136,1165,1189,1228,1253,
39,, 24,37,51,77,114,155,195,225,243,295,318,344,386,419,438,479,483,514,547,563,586,642,738,747,841,897,914,957,979,994,1011,1046,1066,1106,1136,1165,1189,1228,1253,
40,, 24,37,52,77,114,155,195,225,243,295,318,386,419,438,479,483,514,547,563,586,642,671,743,747,841,888,914,957,979,1004,1011,1046,1066,1094,1106,1136,1165,1189,1228,1253,
41,, 24,37,52,77,114,155,195,225,243,295,318,344,386,419,438,479,483,514,547,563,599,642,743,747,841,888,914,957,979,1004,1011,1046,1072,1094,1106,1136,1165,1189,1208,1228,1253,
42,, 24,37,93,114,155,176,195,240,243,269,295,318,344,386,419,446,479,483,514,547,563,599,602,642,725,760,841,888,914,957,979,1004,1011,1046,1072,1094,1106,1143,1165,1196,1208,1253,
43,, 5,37,72,93,114,155,176,195,240,243,269,295,318,344,386,419,446,479,483,514,547,563,599,602,642,725,760,843,888,914,957,979,1004,1011,1046,1072,1094,1106,1151,1165,1196,1208,1255,
44,, 5,37,72,93,114,127,155,176,195,243,275,295,318,347,386,419,446,479,483,514,547,563,599,602,642,725,760,843,888,914,957,979,1004,1011,1046,1072,1094,1106,1151,1165,1189,1208,1235,1255,
45,, 24,26,50,77,103,141,165,176,225,243,290,314,344,366,386,419,438,479,482,505,547,566,586,607,642,651,738,757,841,888,912,914,957,971,1029,1046,1072,1094,1106,1136,1176,1189,1208,1243,1253,
46,, 5,30,50,93,114,127,159,176,198,235,260,278,347,382,386,428,454,479,483,514,539,563,599,613,627,671,722,760,829,849,865,897,926,952,979,1004,1032,1046,1072,1094,1113,1146,1158,1183,1235,1250,
47,, 15,37,69,83,101,141,164,176,213,225,264,272,290,322,344,388,419,443,467,504,519,551,571,586,607,642,727,754,787,806,820,858,888,912,913,957,964,1022,1045,1070,1094,1106,1133,1176,1190,1223,1243,
48,, 15,37,69,77,101,141,164,176,213,225,246,272,290,322,344,388,419,450,467,504,519,532,575,586,607,642,651,741,754,787,806,820,858,888,912,913,957,964,1022,1045,1071,1094,1106,1138,1176,1190,1243,1258,
49,, 24,33,54,85,100,128,145,181,196,223,261,282,306,332,349,372,386,428,447,462,486,524,544,565,593,646,655,727,761,779,811,836,846,879,896,923,949,969,990,1020,1037,1064,1124,1145,1173,1190,1215,1240,1272,
50,, 2,42,67,85,100,136,158,188,212,233,254,266,299,334,337,374,403,420,435,478,499,519,549,576,593,608,646,656,674,698,730,765,782,794,843,878,909,922,949,969,1003,1013,1045,1071,1138,1155,1194,1210,1229,1259,
51,, 7,30,49,89,130,156,191,216,218,261,288,307,324,360,362,391,431,443,463,487,514,544,561,596,638,668,679,697,735,760,790,813,828,851,884,897,934,956,965,1008,1023,1053,1076,1088,1127,1136,1158,1183,1210,1230,1263,
52,, 6,42,51,92,103,156,175,215,226,264,270,295,331,345,374,398,423,452,464,481,505,537,561,597,612,632,658,681,704,743,760,786,801,825,848,881,897,928,950,969,998,1032,1035,1067,1088,1118,1142,1158,1194,1210,1244,1259,
