34,, 13,25,62,90,112,129,163,194,232,257,267,316,357,391,414,463,492,514,551,576,642,651,709,771,860,893,1094,1107,1135,1156,1178,1212,1242,1255,
35,, 13,25,62,90,112,129,163,194,232,257,267,316,357,391,414,463,492,514,551,576,642,651,684,709,771,860,893,1094,1107,1135,1156,1178,1212,1242,1255,
36,, 13,25,62,90,112,129,163,194,232,257,267,316,357,391,414,463,492,514,551,576,592,642,651,684,709,771,860,893,1094,1107,1135,1156,1178,1212,1242,1255,
37,, 13,25,62,90,112,129,163,194,232,257,267,316,357,391,414,463,492,514,551,576,592,642,651,684,709,754,771,860,893,1094,1107,1135,1156,1178,1212,1242,1255,
38,, 13,35,62,90,112,129,163,194,232,257,267,316,357,391,414,463,514,551,576,592,642,651,684,709,754,771,860,893,915,960,1094,1107,1135,1156,1178,1212,1242,1255,
39,, 13,35,62,90,112,129,163,194,232,257,267,316,357,391,414,463,481,514,551,576,592,642,651,684,709,754,771,860,893,915,960,1094,1107,1135,1156,1178,1212,1242,1255,
40,, 13,35,62,90,112,129,163,201,232,257,267,304,316,357,391,414,445,463,481,514,551,592,642,651,684,709,754,771,860,893,915,960,1060,1094,1107,1135,1156,1178,1212,1233,
41,, 13,35,62,90,112,129,163,201,232,257,267,304,316,357,391,414,445,463,481,514,551,592,642,651,684,709,754,771,860,893,915,960,1060,1094,1107,1135,1156,1178,1212,1233,1260,
42,, 13,35,62,90,112,129,163,201,232,257,267,299,316,357,404,414,445,463,481,511,551,592,642,651,684,709,754,771,860,893,915,960,1012,1060,1104,1107,1135,1156,1178,1212,1233,1268,
43,, 13,37,62,73,112,129,165,186,201,232,267,299,316,357,404,414,463,481,511,551,592,642,651,684,717,739,754,771,837,860,893,915,960,1012,1060,1104,1112,1135,1156,1178,1212,1233,1267,
44,, 13,37,62,73,112,129,165,186,201,232,260,267,299,316,357,404,414,463,481,511,551,592,642,651,684,717,739,754,771,837,860,893,915,960,1012,1060,1104,1112,1135,1156,1178,1212,1233,1267,
45,, 13,35,64,88,101,142,156,172,201,232,260,282,297,332,357,404,419,480,528,552,592,609,642,651,684,698,739,754,771,837,857,893,915,960,993,1009,1060,1084,1112,1140,1156,1181,1218,1234,1267,
46,, 13,35,64,88,101,142,156,172,200,232,260,282,297,332,357,404,419,451,480,499,528,552,623,642,651,695,698,739,754,771,837,857,893,921,960,993,1009,1060,1084,1112,1140,1156,1179,1218,1234,1267,
47,, 13,35,64,87,120,142,168,172,200,232,260,279,297,326,357,370,404,418,434,465,499,507,546,574,623,642,665,718,739,750,771,837,846,903,915,952,976,993,1013,1082,1125,1147,1156,1179,1214,1233,1260,
48,, 13,35,64,87,120,142,168,192,196,232,260,279,297,326,357,370,404,418,434,465,499,507,546,574,623,642,650,718,739,750,769,826,846,887,900,915,952,976,993,1013,1082,1126,1147,1156,1195,1202,1233,1260,
49,, 13,35,64,87,104,142,168,192,196,232,260,277,297,326,357,370,404,418,434,465,499,514,546,574,623,642,650,684,718,739,750,769,826,859,887,900,915,952,976,993,1013,1082,1125,1147,1156,1195,1202,1233,1260,
50,, 7,58,91,114,141,164,177,203,220,256,269,312,335,355,380,396,418,452,467,489,514,536,558,589,611,627,654,693,736,757,776,802,829,861,867,892,925,946,981,997,1010,1047,1075,1100,1119,1146,1164,1205,1239,1256,
51,, 22,25,72,92,98,140,161,187,200,250,282,297,323,344,366,391,425,456,469,483,519,543,576,593,614,646,657,677,718,726,756,774,812,825,855,867,891,918,942,965,999,1014,1063,1086,1120,1149,1168,1181,1214,1241,1262,
52,, 36,55,88,101,142,164,192,215,239,242,282,307,328,340,366,396,426,434,480,492,523,552,557,580,602,644,659,684,714,736,763,782,796,831,843,884,893,932,948,983,993,1020,1047,1070,1100,1113,1149,1164,1195,1214,1239,1267,
