34,, 6,30,58,88,112,149,176,300,340,361,412,446,481,506,538,553,580,601,630,687,723,745,811,853,901,921,999,1021,1045,1073,1092,1107,1140,1188,
35,, 6,30,58,88,112,149,176,300,340,361,412,446,481,506,538,553,580,601,630,687,723,745,790,811,853,901,921,999,1021,1045,1073,1092,1107,1140,1188,
36,, 6,30,58,88,112,149,176,300,340,361,412,446,481,506,538,553,580,601,630,687,723,745,790,811,853,901,921,959,999,1021,1045,1073,1092,1107,1140,1188,
37,, 6,30,58,88,112,149,176,300,341,361,412,446,461,506,538,553,580,601,630,687,723,745,790,811,853,901,921,959,999,1021,1045,1080,1092,1107,1188,1232,1251,
38,, 6,30,58,88,112,149,176,300,341,363,412,446,461,490,506,538,553,580,601,630,687,723,745,790,811,853,901,921,959,999,1021,1045,1080,1092,1107,1188,1232,1251,
39,, 6,35,58,88,112,149,176,200,300,341,363,412,446,461,490,506,538,553,580,601,630,687,723,745,811,830,853,901,921,959,1021,1045,1080,1092,1107,1188,1213,1232,1251,
40,, 6,35,58,88,112,149,176,200,300,341,363,446,461,490,506,538,553,580,601,630,687,701,723,745,802,830,853,901,921,959,1007,1021,1080,1092,1107,1174,1188,1213,1232,1251,
41,, 6,35,58,88,112,149,176,200,300,341,363,422,446,461,490,506,538,553,580,601,630,687,701,723,745,802,830,853,901,921,959,1007,1021,1080,1092,1107,1174,1188,1213,1232,1251,
42,, 6,35,58,88,112,131,149,176,200,300,341,362,422,446,461,490,506,538,553,580,601,630,687,701,745,802,830,853,901,921,959,1007,1021,1040,1080,1092,1107,1174,1188,1213,1232,1251,
43,, 22,35,71,88,112,131,163,176,200,300,339,362,408,411,454,461,490,506,538,553,580,601,647,687,701,745,802,836,853,901,921,959,1007,1021,1054,1080,1092,1116,1174,1188,1213,1232,1251,
44,, 22,48,72,88,121,163,176,200,300,353,371,408,411,454,461,494,506,538,553,580,601,647,653,688,717,734,745,802,859,866,894,919,946,1007,1021,1035,1080,1084,1116,1174,1188,1213,1232,1257,
45,, 8,33,71,88,119,144,161,183,200,232,257,287,306,340,364,408,410,445,460,501,510,550,553,593,614,627,655,682,698,733,767,822,860,887,912,923,966,986,1079,1088,1116,1130,1185,1242,1267,
46,, 8,33,71,88,119,144,161,183,200,232,257,287,306,340,364,408,410,445,460,501,510,550,553,593,614,627,655,682,698,733,767,822,860,887,912,923,966,986,1053,1079,1088,1116,1130,1185,1242,1267,
47,, 13,38,92,114,130,165,191,223,257,280,299,324,340,361,408,427,434,467,481,521,529,569,593,614,629,649,675,710,739,751,811,823,860,884,903,935,951,972,1004,1012,1041,1088,1120,1150,1181,1240,1268,
48,, 22,29,72,86,106,121,176,229,247,269,311,332,354,371,408,411,439,476,489,519,546,567,580,601,653,688,717,741,757,774,802,836,866,894,935,957,973,986,1031,1045,1080,1093,1109,1150,1155,1198,1213,1246,
49,, 14,28,49,94,135,152,186,198,266,303,328,358,370,387,422,445,462,491,517,551,566,595,617,628,669,678,713,744,754,784,800,821,853,869,908,922,955,966,1005,1011,1061,1091,1119,1149,1174,1191,1208,1229,1259,
50,, 6,40,64,93,113,134,168,173,200,248,286,309,339,364,392,428,451,460,481,517,530,560,596,620,629,656,686,702,731,762,788,811,832,845,874,893,916,939,984,991,1020,1059,1097,1106,1144,1154,1195,1210,1226,1252,
51,, 16,26,63,85,113,136,151,187,201,222,263,281,306,351,368,405,423,453,470,493,527,551,564,577,615,639,662,680,704,730,752,769,811,822,842,875,905,928,945,971,1008,1010,1050,1066,1082,1110,1142,1161,1195,1211,1235,
52,, 11,30,70,83,110,127,163,189,198,263,281,300,328,340,378,401,424,446,470,485,513,547,574,579,612,638,668,678,706,723,745,788,816,835,856,886,892,921,937,982,999,1024,1034,1070,1104,1111,1132,1174,1189,1214,1235,1262,
