33,, 4,57,117,189,213,236,276,288,300,338,372,406,421,445,466,503,520,531,556,581,600,653,683,717,751,789,813,836,921,1000,1038,1078,1112,
34,, 4,57,117,189,213,236,276,288,300,338,372,406,421,445,466,503,520,531,556,581,600,653,683,717,751,789,813,836,921,959,1000,1038,1078,1112,
35,, 4,31,57,117,189,213,236,276,288,300,338,372,406,421,445,466,503,520,531,556,581,600,653,683,717,751,789,813,836,921,959,1000,1038,1078,1112,
36,, 4,31,57,117,189,213,236,276,288,300,338,372,406,421,445,466,503,520,531,556,581,600,653,683,717,751,789,813,836,870,921,959,1000,1038,1078,1112,
37,, 4,31,57,117,160,213,236,276,288,300,338,372,406,421,445,466,503,520,531,556,581,600,653,683,717,751,789,813,836,870,921,959,974,1000,1038,1076,1112,
38,, 4,31,57,117,160,202,213,236,276,288,300,338,372,406,421,445,466,503,520,531,556,581,600,653,683,717,751,789,813,836,870,921,959,974,1000,1038,1076,1112,
39,, 4,31,57,117,160,202,213,251,276,288,301,338,347,372,406,466,503,520,531,556,581,616,653,683,717,751,780,789,813,836,870,921,959,974,1000,1038,1076,1090,1112,
40,, 4,31,49,90,117,160,202,213,251,276,288,301,338,347,372,406,466,503,520,531,556,616,653,683,717,751,780,789,813,836,870,900,921,959,974,1000,1076,1090,1112,1131,
41,, 19,31,49,90,117,178,202,211,248,276,314,347,372,406,422,443,466,490,520,550,556,590,618,653,683,725,756,789,813,836,870,900,939,959,974,1000,1039,1076,1090,1121,1131,
42,, 19,31,49,90,117,178,202,211,248,276,314,342,347,372,406,422,443,466,490,520,550,556,590,618,653,683,725,756,789,813,836,870,900,939,959,974,1000,1039,1076,1090,1121,1131,
43,, 19,31,49,90,117,178,200,211,248,276,314,342,347,376,406,422,443,466,490,520,550,555,590,618,634,653,683,696,725,756,789,813,836,864,890,931,959,974,1039,1076,1090,1121,1131,
44,, 19,31,49,90,117,178,200,211,248,276,314,342,347,376,406,422,443,466,490,520,550,568,590,618,634,653,683,696,725,756,789,813,836,864,890,919,931,966,974,1039,1076,1090,1121,1131,
45,, 19,31,83,117,178,200,219,236,254,285,302,342,347,376,406,422,443,466,490,519,537,559,590,618,634,653,683,696,719,738,816,836,864,890,919,932,952,974,1001,1016,1058,1076,1095,1125,1131,
46,, 22,25,48,92,154,177,200,222,231,275,292,317,327,347,386,436,456,472,486,517,545,567,584,607,636,649,686,700,730,740,762,800,810,839,852,877,932,954,982,995,1034,1049,1065,1098,1110,1139,
47,, 13,27,50,79,112,184,196,223,245,263,286,300,338,358,378,414,429,445,479,486,509,534,571,589,601,633,658,671,700,718,742,776,798,818,845,861,877,906,927,955,980,997,1033,1058,1098,1114,1130,
48,, 22,25,56,90,111,134,156,203,214,234,264,292,305,337,365,369,424,450,461,501,524,545,569,595,601,641,648,686,699,720,752,777,789,818,843,855,876,909,935,951,980,1007,1034,1038,1080,1098,1112,1141,
49,, 11,42,62,71,117,151,179,202,214,244,274,289,320,345,358,375,395,426,452,470,498,515,532,570,582,601,626,645,677,698,720,741,777,783,818,851,869,894,899,921,950,974,1006,1023,1049,1067,1098,1112,1135,
50,, 10,46,64,75,94,130,151,184,201,211,245,266,286,320,324,357,382,395,421,459,467,500,514,530,567,598,600,640,664,679,694,728,751,763,791,809,835,865,884,912,941,956,989,1002,1026,1057,1078,1088,1114,1137,
