32,, 7,32,60,105,134,150,177,238,271,318,350,371,409,506,533,620,643,670,676,725,746,829,874,963,985,1019,1069,1107,1150,1172,1212,1266,
33,, 7,32,60,87,105,134,150,177,238,271,318,350,371,409,506,533,620,643,670,676,725,746,829,874,963,985,1019,1069,1107,1150,1172,1212,1266,
34,, 7,32,60,87,105,134,150,177,238,271,318,350,371,409,506,533,620,643,670,676,725,746,829,874,963,985,1019,1069,1107,1150,1172,1188,1212,1266,
35,, 7,32,60,87,105,134,150,177,238,271,318,350,371,409,506,533,620,643,670,676,725,746,798,829,874,963,985,1019,1069,1107,1150,1172,1188,1212,1266,
36,, 7,32,60,87,105,134,150,177,238,271,318,350,371,409,506,533,620,643,670,676,725,746,798,829,874,963,985,1019,1069,1089,1107,1150,1172,1188,1212,1266,
37,, 7,32,60,87,105,134,150,177,238,271,318,350,371,409,506,533,620,643,670,676,725,746,798,829,874,963,985,1019,1069,1089,1107,1150,1172,1188,1212,1228,1266,
38,, 7,48,60,87,105,134,150,177,238,271,318,350,371,409,506,533,602,643,670,676,725,746,798,829,874,897,963,988,1019,1069,1089,1107,1150,1172,1188,1212,1228,1266,
39,, 10,48,60,87,105,134,150,177,238,271,318,350,371,418,506,533,579,602,670,676,725,746,798,829,884,897,914,963,988,1019,1069,1089,1107,1150,1159,1188,1212,1228,1266,
40,, 10,48,60,87,105,134,150,177,203,238,271,318,350,371,418,476,506,533,579,602,670,676,725,746,798,884,897,914,963,988,1019,1069,1089,1112,1150,1159,1188,1212,1228,1266,
41,, 10,48,60,87,105,150,203,238,271,318,350,371,418,476,497,506,533,579,609,670,720,725,746,798,827,846,884,897,914,962,988,1019,1069,1089,1112,1150,1159,1188,1212,1228,1266,
42,, 10,48,60,87,100,150,195,238,271,305,318,350,371,418,476,497,514,533,579,609,670,720,725,752,816,824,846,883,897,914,962,988,1019,1067,1089,1112,1150,1168,1177,1212,1228,1266,
43,, 10,48,60,87,105,140,150,195,238,271,305,318,350,371,387,418,476,497,514,533,579,609,635,651,720,725,752,816,824,846,883,897,930,962,988,1051,1067,1089,1112,1147,1168,1228,1266,
44,, 10,48,60,87,105,140,153,195,238,271,305,318,350,371,387,418,476,497,514,533,579,609,635,651,720,725,816,824,846,870,897,930,962,988,1020,1051,1067,1089,1112,1147,1168,1211,1228,1266,
45,, 10,48,60,87,105,140,153,211,238,271,305,321,350,371,387,418,476,497,514,533,579,609,635,651,677,720,725,816,824,846,870,897,930,962,988,1020,1051,1067,1089,1122,1147,1168,1211,1233,1266,
46,, 9,48,60,87,105,132,153,192,211,238,271,305,321,350,371,387,418,476,497,514,533,579,619,635,651,677,720,725,816,824,846,867,897,930,962,988,1020,1051,1067,1089,1122,1147,1168,1211,1233,1266,
47,, 9,48,60,87,105,132,153,192,211,238,271,305,320,359,371,387,418,476,497,514,530,579,619,634,651,677,720,732,746,775,816,824,846,867,897,930,962,992,1051,1080,1089,1122,1147,1156,1211,1233,1266,
48,, 9,48,60,77,105,132,153,216,238,271,305,320,359,371,387,418,476,497,514,537,556,579,619,634,651,677,720,732,746,775,816,824,846,867,897,930,962,992,1051,1080,1089,1122,1147,1156,1177,1211,1233,1266,
49,, 9,48,60,77,105,132,152,216,238,261,305,320,359,371,387,418,443,476,497,519,537,556,579,619,635,651,677,720,732,746,775,816,824,846,867,897,930,959,963,992,1051,1080,1089,1122,1156,1184,1211,1233,1266,
50,, 22,38,71,77,107,127,163,190,210,225,256,277,309,319,355,362,395,456,460,486,517,531,562,597,611,634,657,690,732,757,791,803,828,865,891,920,954,981,995,1019,1038,1057,1093,1122,1132,1167,1193,1224,1228,1267,
51,, 18,41,50,88,106,126,159,182,217,263,278,302,315,357,365,388,412,434,467,493,525,552,558,598,614,637,659,683,713,730,765,797,839,852,878,912,929,959,974,995,1018,1050,1074,1101,1127,1132,1175,1183,1216,1241,1250,
52,, 36,54,80,113,127,165,187,193,221,259,271,302,330,358,384,398,413,439,478,485,523,529,561,588,616,638,664,685,709,741,766,770,795,833,845,880,898,925,940,964,1004,1021,1033,1073,1102,1115,1144,1170,1182,1223,1242,1256,
