33,, 28,47,77,94,117,143,167,189,208,231,367,451,470,496,537,555,589,627,692,723,737,767,789,829,914,930,948,981,1019,1038,1067,1117,1131,
34,, 28,47,77,94,117,143,167,189,208,231,367,451,470,496,537,555,589,627,677,692,723,737,767,789,829,914,930,948,981,1019,1038,1067,1117,1131,
35,, 28,47,86,94,117,143,177,189,208,231,307,451,470,496,537,555,607,627,677,692,723,737,767,789,829,914,930,948,981,1009,1019,1038,1067,1117,1131,
36,, 28,47,86,94,117,143,177,189,208,231,307,414,451,470,496,537,555,607,627,677,692,723,737,767,789,829,914,930,948,981,1009,1019,1038,1067,1117,1131,
37,, 28,47,86,94,117,143,177,189,208,231,307,342,414,451,470,496,537,555,607,627,677,692,723,737,767,789,829,914,930,948,979,1009,1027,1038,1067,1117,1131,
38,, 13,28,65,86,94,117,143,177,189,208,231,271,307,342,414,451,470,496,537,555,607,627,677,723,737,767,789,813,829,914,930,948,979,1009,1027,1067,1117,1131,
39,, 13,28,65,86,94,117,143,177,189,208,231,271,307,342,414,456,470,496,537,555,607,627,677,713,723,737,767,789,813,829,861,914,948,979,1009,1027,1069,1117,1131,
40,, 13,28,65,86,94,117,143,177,189,208,231,271,307,342,414,456,470,496,537,558,607,627,677,713,727,737,764,789,813,829,861,914,927,964,979,1009,1027,1069,1117,1131,
41,, 10,65,86,94,117,143,177,189,253,271,305,342,362,414,456,470,496,524,550,567,607,627,677,713,727,737,764,789,813,829,861,914,927,964,978,1009,1027,1069,1086,1117,1131,
42,, 10,65,86,94,117,159,177,191,253,271,305,342,362,379,414,456,470,496,524,550,567,607,627,677,713,727,737,789,827,836,861,914,927,964,978,994,1027,1042,1069,1086,1117,1131,
43,, 18,43,47,72,104,120,142,172,189,208,231,273,277,312,340,367,391,436,451,470,491,514,537,567,610,660,668,699,739,767,792,810,829,874,875,914,930,954,981,1038,1064,1108,1131,
44,, 10,66,80,94,138,146,177,187,253,274,287,305,344,353,379,440,470,493,524,543,563,616,625,658,685,699,722,743,776,802,807,842,859,891,918,927,948,989,994,1042,1076,1086,1119,1131,
45,, 15,24,64,81,132,140,183,198,213,252,288,310,327,348,376,407,434,444,469,506,516,555,598,603,627,651,671,697,733,784,807,831,855,891,919,935,948,969,999,1034,1038,1062,1084,1105,1136,
46,, 29,47,79,111,122,139,164,198,250,258,298,326,353,384,398,460,469,491,525,537,571,587,602,635,651,690,699,730,737,767,800,810,843,869,895,920,933,964,984,996,1026,1056,1073,1092,1119,1133,
47,, 23,39,68,74,100,128,157,167,193,230,231,258,293,307,326,355,391,403,426,460,474,493,531,553,581,621,629,647,682,694,727,737,774,804,837,874,916,921,961,971,1005,1015,1037,1080,1100,1120,1142,
48,, 34,53,84,93,126,143,172,187,224,236,267,281,315,340,359,386,392,417,441,468,497,510,545,568,611,635,649,680,701,720,739,771,799,818,849,852,875,908,921,965,976,1003,1019,1048,1069,1098,1125,1139,
49,, 5,37,51,85,93,125,145,180,195,217,251,296,317,328,366,369,403,426,445,470,494,512,540,557,586,618,639,666,684,705,721,739,782,786,811,838,867,885,900,935,949,980,1010,1013,1055,1076,1099,1110,1141,
50,, 20,30,51,90,113,138,149,175,189,228,243,254,287,322,339,365,378,394,426,450,470,504,517,536,562,584,613,633,660,684,701,721,752,771,795,822,844,858,891,905,935,965,978,1006,1018,1037,1068,1101,1125,1146,
