36,, 17,105,151,182,210,254,282,325,333,357,379,423,443,477,506,577,601,629,672,710,726,765,806,853,882,906,1052,1102,1126,1164,1186,1202,1237,1256,1276,1380,
37,, 17,105,143,151,182,210,254,282,325,333,357,379,423,443,477,506,577,601,629,672,710,726,765,806,853,882,906,1052,1102,1126,1164,1186,1202,1237,1256,1276,1380,
38,, 17,97,105,143,151,182,210,254,282,325,333,357,379,423,443,477,506,577,601,629,672,710,726,765,806,853,882,906,1052,1102,1126,1164,1186,1202,1237,1256,1276,1380,
39,, 17,97,105,143,152,182,218,254,282,325,333,357,379,423,443,477,506,530,577,601,629,672,726,765,806,853,882,906,1060,1102,1126,1164,1186,1202,1237,1256,1276,1349,1380,
40,, 17,97,105,143,152,182,218,254,282,325,333,357,379,423,443,477,506,530,577,601,629,672,720,726,765,806,853,882,906,1060,1102,1126,1164,1186,1202,1237,1256,1276,1349,1380,
41,, 17,97,105,143,152,182,218,268,282,325,333,357,379,423,430,477,506,530,577,601,629,672,720,726,765,806,827,853,882,1060,1102,1126,1164,1186,1202,1237,1256,1276,1307,1349,1380,
42,, 17,97,105,143,152,182,218,268,282,325,333,357,379,423,430,477,506,530,577,601,629,672,720,726,765,806,827,853,882,920,1060,1102,1126,1164,1186,1202,1237,1256,1276,1307,1349,1380,
43,, 19,97,105,143,152,182,218,234,268,325,333,357,379,423,430,477,502,530,577,601,629,720,726,765,799,824,827,920,998,1040,1060,1089,1102,1126,1164,1186,1202,1226,1256,1276,1307,1349,1380,
44,, 19,70,97,105,143,152,182,218,234,268,325,333,357,379,423,430,477,502,530,577,615,629,720,726,765,799,824,846,920,929,998,1040,1060,1089,1102,1126,1164,1186,1221,1256,1276,1307,1349,1380,
45,, 60,97,143,152,182,218,234,268,325,333,372,379,423,430,462,477,502,530,567,577,615,629,694,720,726,765,799,801,846,885,918,929,998,1032,1060,1089,1102,1126,1168,1186,1221,1256,1276,1307,1349,
46,, 22,60,106,143,152,182,218,234,268,325,347,372,379,436,462,477,502,530,567,577,615,629,654,693,720,726,765,799,801,849,885,918,929,1015,1049,1060,1089,1102,1126,1168,1186,1221,1256,1291,1312,1349,
47,, 22,60,106,143,152,182,218,234,268,325,330,368,379,436,462,477,502,530,565,577,615,629,654,693,720,726,765,799,801,849,885,918,929,1015,1049,1060,1089,1102,1126,1168,1186,1221,1256,1291,1312,1349,1391,
48,, 5,35,68,91,125,143,169,189,218,238,268,325,329,357,379,439,486,530,551,622,629,670,688,720,738,752,797,825,834,893,941,973,985,1022,1040,1057,1089,1115,1149,1164,1183,1203,1240,1256,1289,1307,1372,1382,
49,, 22,50,60,91,106,143,170,218,234,268,276,302,343,368,393,436,462,477,502,530,572,581,615,645,654,693,706,726,754,820,849,873,884,911,929,1020,1049,1060,1089,1102,1135,1168,1198,1221,1240,1269,1291,1312,1391,
50,, 22,50,60,91,106,143,170,218,234,268,276,302,343,368,393,404,429,462,477,502,530,572,581,613,645,654,677,706,726,754,820,849,873,884,911,929,1015,1049,1060,1089,1102,1140,1153,1198,1221,1240,1269,1289,1312,1391,
51,, 22,50,60,91,116,143,170,197,218,234,268,276,325,329,368,379,404,443,462,477,502,530,565,589,615,645,654,677,706,745,765,799,820,849,873,884,911,1015,1049,1060,1099,1102,1135,1168,1198,1221,1241,1253,1289,1312,1391,
52,, 16,67,81,106,169,177,202,235,259,288,323,343,354,389,417,441,492,515,544,563,597,625,632,651,679,712,733,757,787,815,828,855,881,912,933,972,977,1010,1037,1065,1106,1141,1173,1189,1202,1240,1269,1292,1308,1327,1366,1394,
53,, 4,75,90,107,147,164,190,221,249,256,293,302,350,365,396,418,437,488,506,544,565,598,616,637,652,685,702,740,759,779,804,826,872,893,911,946,998,1017,1048,1074,1078,1102,1131,1156,1183,1215,1237,1275,1292,1308,1339,1370,1380,
54,, 5,33,52,97,111,149,169,184,209,246,275,277,325,348,368,383,420,441,489,515,535,559,595,602,629,671,695,723,733,757,790,806,845,857,897,921,928,955,1024,1028,1060,1088,1107,1126,1157,1177,1212,1246,1273,1293,1310,1335,1355,1400,
55,, 6,45,67,98,106,143,155,186,222,239,253,295,325,347,351,379,405,430,454,486,519,537,568,590,604,641,652,689,723,738,759,797,804,868,893,918,949,975,996,1018,1037,1054,1082,1115,1127,1171,1200,1205,1244,1259,1293,1321,1335,1355,1389,
